Security Wise Delivery Position - Compulsory Rolling Settlement
10,MTO,12112024,1174419689,0002556
Trade Date <12-NOV-2024>,Settlement Type <N>
Record Type,Sr No,Name of Security,Quantity Traded,Deliverable Quantity(gross across client level),% of Deliverable Quantity to Traded Quantity
20,1,0MOFSL26,N1,5,5,100.00
20,2,1003ICCL28,NX,131,131,100.00
20,3,1003ISFL28,N4,124,100,80.65
20,4,1003SCL30A,NV,30,30,100.00
20,5,1015ECL29,NR,110,110,100.00
20,6,1015SCL28,NR,21,21,100.00
20,7,1015UCL26,N1,3,3,100.00
20,8,1018GS2026,GS,121,121,100.00
20,9,1025SCL34B,N1,400,400,100.00
20,10,1025UCL25,N8,10,10,100.00
20,11,1040UCL27B,N1,21,20,95.24
20,12,1050ISFL28,N5,13,13,100.00
20,13,1050NFL26,N7,20,20,100.00
20,14,1050UCL25,N7,68,68,100.00
20,15,105IIFL29,N7,80,80,100.00
20,16,105UCL2026,NB,20,20,100.00
20,17,1060ECL29,NS,64,64,100.00
20,18,1065NFL27,NC,16,16,100.00
20,19,10CAGL27,N5,1000,1000,100.00
20,20,10IIFL28,N4,10,10,100.00
20,21,10IIFL28A,NE,10,10,100.00
20,22,10NIDO26,N6,100,100,100.00
20,23,10SCL30A,BV,3,3,100.00
20,24,1119NFL27,ND,19,19,100.00
20,25,182D060325,TB,200,200,100.00
20,26,182D100425,TB,100,100,100.00
20,27,182D121224,TB,600,600,100.00
20,28,182D240425,TB,100,100,100.00
20,29,182D270225,TB,500,500,100.00
20,30,360ONE,EQ,191794,101188,52.76
20,31,364D020525,TB,200,100,50.00
20,32,364D030425,TB,300,300,100.00
20,33,364D100725,TB,100,100,100.00
20,34,364D120625,TB,1500,1500,100.00
20,35,364D160125,TB,500,500,100.00
20,36,364D231025,TB,400,400,100.00
20,37,364D270225,TB,100,100,100.00
20,38,364D270325,TB,500,500,100.00
20,39,3IINFOLTD,EQ,285270,178535,62.58
20,40,3MINDIA,EQ,4665,1159,24.84
20,41,515GS2025,GS,85,85,100.00
20,42,563GS2026,GS,2,2,100.00
20,43,574GS2026,GS,901,901,100.00
20,44,5PAISA,EQ,27703,13489,48.69
20,45,63MOONS,EQ,830127,536791,64.66
20,46,654GS2032,GS,4500,4500,100.00
20,47,667GS2050,GS,2418,2416,99.92
20,48,676GS2061,GS,150,150,100.00
20,49,679GS2034,GS,100,100,100.00
20,50,689GS2025,GS,1,1,100.00
20,51,68GS2060,GS,6,6,100.00
20,52,695GS2061,GS,826,826,100.00
20,53,697GR2034,GS,200,200,100.00
20,54,699GS2026,GS,500,500,100.00
20,55,702GS2027,GS,3000,2999,99.97
20,56,704GS2029,GS,500,500,100.00
20,57,706GS2028,GS,1350,1350,100.00
20,58,709GS2054,GS,300,300,100.00
20,59,710GS2029,GS,8100,8000,98.77
20,60,716GS2050,GS,759,659,86.82
20,61,717GS2030,GS,5349,4662,87.16
20,62,718GS2033,GS,600,600,100.00
20,63,718GS2037,GS,650,450,69.23
20,64,719GS2060,GS,400,400,100.00
20,65,71GS2034,GS,850,850,100.00
20,66,725GS2063,GS,600,600,100.00
20,67,726GS2032,GS,20752,19252,92.77
20,68,726GS2033,GS,1500,1500,100.00
20,69,727GS2026,GS,1152,1152,100.00
20,70,732GS2030,GS,9060,5000,55.19
20,71,732IRFC25,NI,602,602,100.00
20,72,733GS2026,GS,5400,5400,100.00
20,73,734GS2064,GS,31801,31801,100.00
20,74,736GS2052,GS,12762,12762,100.00
20,75,737GS2028,GS,100,100,100.00
20,76,738GS2027,GS,1163027,1161526,99.87
20,77,739NHAI26,N8,3735,3685,98.66
20,78,73GS2053,GS,46766,46766,100.00
20,79,741GS2036,GS,32861,32861,100.00
20,80,746GS2073,GS,40122,40122,100.00
20,81,74GS2062,GS,500,500,100.00
20,82,750IRFC35,NK,40,40,100.00
20,83,751HUDCO28,N5,1,1,100.00
20,84,753IRFC30,NJ,1,1,100.00
20,85,754GS2036,GS,172052,164096,95.38
20,86,757GS2033,GS,12176,12176,100.00
20,87,760PFCL35,N3,3,3,100.00
20,88,764HUDCO31,N8,550,500,90.91
20,89,764IRFC31,NO,80,80,100.00
20,90,764NABAR31,N2,1000,1000,100.00
20,91,765UP34,SG,100,100,100.00
20,92,769HUDCO31,N9,626,526,84.03
20,93,769NHAI31,NE,360,351,97.50
20,94,76NHAI31,NA,2304,1804,78.30
20,95,772GS2055,GS,10,10,100.00
20,96,794TN32,SG,900,900,100.00
20,97,797IGT31,NL,50,50,100.00
20,98,79NHIT35,N1,1738,1046,60.18
20,99,79NHIT40,N2,2616,973,37.19
20,100,79NHIT47,N3,2776,841,30.30
20,101,801TCH25,N4,101,96,95.05
20,102,810IRFC27,N2,102,101,99.02
20,103,812REC27,NI,100,100,100.00
20,104,81ABFL33,N5,50,50,100.00
20,105,81TCHF28,N8,60,51,85.00
20,106,820IIFL27,N9,200,200,100.00
20,107,825IIFL25,N7,100,50,50.00
20,108,829LTF24,NL,18,18,100.00
20,109,82HUDCO27,N2,14,7,50.00
20,110,82IGT31,NJ,2956,2918,98.71
20,111,830NHAI27,N2,2100,1926,91.71
20,112,830PFCL27,N5,402,201,50.00
20,113,835IFL25,NV,339,339,100.00
20,114,842IIFL26,NL,100,100,100.00
20,115,843IHFL29,NC,100,100,100.00
20,116,849NTPC25,N7,61490,48376,78.67
20,117,850IIFL27,NA,25,25,100.00
20,118,85IFL26,NX,150,100,66.67
20,119,85IIFL25,NO,35,35,100.00
20,120,863IRFC29,NC,20,20,100.00
20,121,863NHB34,N3,400,400,100.00
20,122,865IFL28,NZ,1250,1154,92.32
20,123,865IIFL28,NS,23,23,100.00
20,124,865IRFC29,NA,1303,1154,88.56
20,125,865LTF26,NN,80,50,62.50
20,126,866IIFC34B,N3,305,305,100.00
20,127,866SCFL25,Y8,60,60,100.00
20,128,86LTF24,NJ,103,102,99.03
20,129,871REC28,N9,1148,1148,100.00
20,130,875IHFL29,ND,100,100,100.00
20,131,875NHAI29,N6,550,550,100.00
20,132,876HUDCO28,ND,1438,1338,93.05
20,133,879NHPC28,N5,75,70,93.33
20,134,87LTF27,NH,275,275,100.00
20,135,880IREDA29,N5,50,50,100.00
20,136,885TCAPS29,NC,1,1,100.00
20,137,888ERFL28,N5,50,50,100.00
20,138,891IIFCL34,N4,1,1,100.00
20,139,891NTPC33,N6,1030,506,49.13
20,140,892NHPC33,N6,115,75,65.22
20,141,892PFCL33,N8,70,70,100.00
20,142,893NHB29,N6,200,200,100.00
20,143,894SCL27,ZY,100,100,100.00
20,144,897MOFSL29,N4,800,800,100.00
20,145,898LTF29,N7,152,101,66.45
20,146,901HUDCO34,NE,457,300,65.65
20,147,901NHB34,N6,403,300,74.44
20,148,91D090125,TB,200,200,100.00
20,149,91D300125,TB,58000,58000,100.00
20,150,91MOFSL27,N2,1000,1000,100.00
20,151,925AEL26,N1,432,362,83.80
20,152,925SCFL27,YA,5,5,100.00
20,153,92GS2030,GS,505,505,100.00
20,154,930SFL28,YP,301,301,100.00
20,155,932AEL27,N3,770,760,98.70
20,156,935LTF29,N5,300,300,100.00
20,157,93MOFSL34,N6,1,1,100.00
20,158,943ECL28,NJ,51,51,100.00
20,159,94IFCI25,NL,100,100,100.00
20,160,955ICCL25A,NH,100,100,100.00
20,161,956AEL29,N6,17,17,100.00
20,162,957ICCL25,YW,540,500,92.59
20,163,957ISFL26,N2,124,124,100.00
20,164,957NIDO26,N5,511,511,100.00
20,165,960ISFL25,N1,38,30,78.95
20,166,965AEL27,N4,121,121,100.00
20,167,965ICCL25I,NQ,8,8,100.00
20,168,965SCL25,AG,10,10,100.00
20,169,965SCL25B,Y1,38,38,100.00
20,170,965SCL26A,ZB,30,1,3.33
20,171,965SCL26F,N1,50,50,100.00
20,172,96IIFL28,N5,463,401,86.61
20,173,96IIFL28A,NF,1271,1160,91.27
20,174,96SFL24A,NB,111,111,100.00
20,175,970CAGL28,ND,1008,1008,100.00
20,176,97SFL28,YS,460,460,100.00
20,177,985ECL28,NK,372,372,100.00
20,178,985IIFL22,NC,95,95,100.00
20,179,990SCL26,N7,107,107,100.00
20,180,99AEL29,N7,600,600,100.00
20,181,99IFCI24,NH,1536,1535,99.93
20,182,9MMFSML,N2,518,209,40.35
20,183,9PEL25,N0,1,1,100.00
20,184,9SCFL25,Y5,20,20,100.00
20,185,9SCL26BA,NA,180,180,100.00
20,186,A2ZINFRA,EQ,337727,205796,60.94
20,187,AAATECH,EQ,98085,47434,48.36
20,188,AADHARHFC,EQ,535823,238886,44.58
20,189,AAKASH,EQ,290797,157909,54.30
20,190,AARON,EQ,47433,28069,59.18
20,191,AARTECH,EQ,27909,15919,57.04
20,192,AARTIDRUGS,EQ,47534,19461,40.94
20,193,AARTIIND,EQ,3393998,1272621,37.50
20,194,AARTIPHARM,EQ,164669,77868,47.29
20,195,AARVI,EQ,8185,4835,59.07
20,196,AATMAJ,SM,6000,6000,100.00
20,197,AAVAS,EQ,59869,41991,70.14
20,198,ABAN,EQ,101054,73338,72.57
20,199,ABB,EQ,547081,237309,43.38
20,200,ABBOTINDIA,EQ,5663,1548,27.34
20,201,ABCAPITAL,EQ,3700550,1353790,36.58
20,202,ABDL,EQ,600225,424370,70.70
20,203,ABFRL,EQ,1667511,831237,49.85
20,204,ABGSEC,EQ,88,80,90.91
20,205,ABREL,EQ,167595,76176,45.45
20,206,ABSLAMC,EQ,460713,185997,40.37
20,207,ABSLBANETF,EQ,82662,55458,67.09
20,208,ABSLLIQUID,EQ,44818,41243,92.02
20,209,ABSLNN50ET,EQ,23363,20687,88.55
20,210,ABSLPSE,EQ,304358,279098,91.70
20,211,ABSMARINE,SM,68000,50000,73.53
20,212,ACC,EQ,128192,46752,36.47
20,213,ACCELYA,EQ,10412,6372,61.20
20,214,ACCENTMIC,SM,20500,19000,92.68
20,215,ACCURACY,EQ,129334,95162,73.58
20,216,ACE,EQ,154969,57901,37.36
20,217,ACEINTEG,EQ,48737,21089,43.27
20,218,ACI,EQ,370820,225931,60.93
20,219,ACL,EQ,39452,27980,70.92
20,220,ACLGATI,EQ,384470,133823,34.81
20,221,ACSAL,ST,19500,19500,100.00
20,222,ADANIENSOL,EQ,3720874,1710036,45.96
20,223,ADANIENT,EQ,597231,184129,30.83
20,224,ADANIGREEN,EQ,523181,188604,36.05
20,225,ADANIPORTS,EQ,1038042,364690,35.13
20,226,ADANIPOWER,EQ,2438708,1088130,44.62
20,227,ADFFOODS,EQ,145724,61950,42.51
20,228,ADORWELD,EQ,18423,12953,70.31
20,229,ADROITINFO,EQ,713121,319867,44.85
20,230,ADROITPP1,E1,218367,166399,76.20
20,231,ADSL,EQ,248242,128393,51.72
20,232,ADVANIHOTR,EQ,28387,12991,45.76
20,233,ADVENZYMES,EQ,474308,162553,34.27
20,234,AEGISLOG,EQ,208575,142252,68.20
20,235,AEL120924A,N5,65,65,100.00
20,236,AEL120924B,N8,7,7,100.00
20,237,AEROFLEX,EQ,549908,249036,45.29
20,238,AERON,SM,50000,33000,66.00
20,239,AESTHETIK,SM,8000,6000,75.00
20,240,AETHER,EQ,22376,9889,44.19
20,241,AFCONS,EQ,3640687,1492508,41.00
20,242,AFFLE,EQ,263688,136910,51.92
20,243,AFFORDABLE,EQ,23624,13207,55.91
20,244,AFIL,EQ,35187,24650,70.05
20,245,AGARIND,EQ,12389,8396,67.77
20,246,AGARWALFT,SM,7500,7500,100.00
20,247,AGI,EQ,254807,123187,48.35
20,248,AGIIL,EQ,9786,6766,69.14
20,249,AGNI,SM,15000,10000,66.67
20,250,AGRITECH,EQ,5576,3368,60.40
20,251,AGROPHOS,EQ,25784,12909,50.07
20,252,AGSTRA,EQ,392586,191323,48.73
20,253,AGUL,SM,4000,4000,100.00
20,254,AHL,EQ,76786,28381,36.96
20,255,AHLADA,EQ,15849,8898,56.14
20,256,AHLEAST,EQ,17540,9310,53.08
20,257,AHLUCONT,EQ,22911,10909,47.61
20,258,AIAENG,EQ,140414,115591,82.32
20,259,AIIL,EQ,47022,24679,52.48
20,260,AILIMITED,ST,6000,6000,100.00
20,261,AIMTRON,ST,101200,96800,95.65
20,262,AIROLAM,EQ,17180,3987,23.21
20,263,AIRTELPP,E1,141914,82573,58.19
20,264,AISL,ST,1200,1200,100.00
20,265,AJANTPHARM,EQ,111466,71840,64.45
20,266,AJMERA,EQ,98244,44568,45.36
20,267,AKANKSHA,SM,51000,33000,64.71
20,268,AKASH,EQ,23130,9773,42.25
20,269,AKG,EQ,20118,13705,68.12
20,270,AKI,EQ,44007,29219,66.40
20,271,AKIKO,SM,19200,11200,58.33
20,272,AKSHARCHEM,EQ,9613,4262,44.34
20,273,AKSHOPTFBR,EQ,1029330,637872,61.97
20,274,AKUMS,EQ,980628,532573,54.31
20,275,AKZOINDIA,EQ,16328,8602,52.68
20,276,ALANKIT,EQ,749216,248055,33.11
20,277,ALEMBICLTD,EQ,958620,270451,28.21
20,278,ALICON,EQ,8276,4448,53.75
20,279,ALKALI,EQ,20090,15082,75.07
20,280,ALKEM,EQ,306620,178174,58.11
20,281,ALKYLAMINE,EQ,38456,16801,43.69
20,282,ALLCARGO,EQ,1288965,541280,41.99
20,283,ALLDIGI,EQ,30932,18517,59.86
20,284,ALLETEC,SM,114400,58800,51.40
20,285,ALOKINDS,EQ,3866472,1293611,33.46
20,286,ALPEXSOLAR,SM,125000,88400,70.72
20,287,ALPHA,EQ,953138,769556,80.74
20,288,ALPHAETF,EQ,926226,839788,90.67
20,289,ALPHAGEO,EQ,15165,9462,62.39
20,290,ALPL30IETF,EQ,1542294,1239897,80.39
20,291,ALUWIND,ST,12000,12000,100.00
20,292,AMBANIORGO,SM,6000,6000,100.00
20,293,AMBER,EQ,358393,96626,26.96
20,294,AMBEY,SM,24000,20000,83.33
20,295,AMBICAAGAR,EQ,5274,5274,100.00
20,296,AMBIKCO,EQ,8455,5522,65.31
20,297,AMBUJACEM,EQ,761982,307531,40.36
20,298,AMDIND,EQ,17301,11963,69.15
20,299,AMEYA,ST,15000,14000,93.33
20,300,AMIABLE,SM,1600,1600,100.00
20,301,AMIORG,EQ,224645,89885,40.01
20,302,AMJLAND,EQ,20150,17095,84.84
20,303,AMNPLST,EQ,2564,1761,68.68
20,304,AMRUTANJAN,EQ,29428,19708,66.97
20,305,ANANDRATHI,EQ,25420,12890,50.71
20,306,ANANTRAJ,EQ,391162,204068,52.17
20,307,ANDHRAPAP,EQ,182199,130227,71.48
20,308,ANDHRSUGAR,EQ,229310,134668,58.73
20,309,ANGELONE,EQ,831226,184763,22.23
20,310,ANLON,SM,6400,6000,93.75
20,311,ANMOL,EQ,73621,45726,62.11
20,312,ANNAPURNA,SM,196250,158250,80.64
20,313,ANUP,EQ,144693,33235,22.97
20,314,ANURAS,EQ,93667,20962,22.38
20,315,APARINDS,EQ,214438,101384,47.28
20,316,APCL,EQ,10343,7916,76.53
20,317,APCOTEXIND,EQ,11849,8623,72.77
20,318,APEX,EQ,60393,30200,50.01
20,319,APLAPOLLO,EQ,235466,108601,46.12
20,320,APLLTD,EQ,485730,405349,83.45
20,321,APOLLO,EQ,671360,296692,44.19
20,322,APOLLOHOSP,EQ,194183,77898,40.12
20,323,APOLLOPIPE,EQ,24312,15513,63.81
20,324,APOLLOTYRE,EQ,1268350,425574,33.55
20,325,APOLSINHOT,EQ,824,506,61.41
20,326,APRAMEYA,SM,140000,104000,74.29
20,327,APS,ST,31500,28500,90.48
20,328,APTECHT,EQ,246936,122849,49.75
20,329,APTUS,EQ,326192,154307,47.31
20,330,ARCHIDPLY,EQ,93306,67328,72.16
20,331,ARE&M,EQ,387984,186921,48.18
20,332,ARHAM,SM,27000,21000,77.78
20,333,ARIES,EQ,438411,124678,28.44
20,334,ARIHANTACA,ST,4000,4000,100.00
20,335,ARIHANTCAP,EQ,361514,168975,46.74
20,336,ARIHANTSUP,EQ,34106,15812,46.36
20,337,ARISTO,ST,6400,6400,100.00
20,338,ARKADE,EQ,628907,247232,39.31
20,339,ARMANFIN,EQ,35096,15974,45.52
20,340,AROGRANITE,EQ,10066,7375,73.27
20,341,ARROWGREEN,EQ,84490,41113,48.66
20,342,ARTEMISMED,EQ,85140,41275,48.48
20,343,ARVEE,EQ,1445,822,56.89
20,344,ARVIND,EQ,252433,120259,47.64
20,345,ARVINDFASN,EQ,127647,56358,44.15
20,346,ARVSMART,EQ,41026,22999,56.06
20,347,ASAHIINDIA,EQ,91510,28679,31.34
20,348,ASAL,EQ,9414,3224,34.25
20,349,ASALCBR,EQ,17385,10154,58.41
20,350,ASHALOG,ST,65000,65000,100.00
20,351,ASHAPURMIN,EQ,158827,85487,53.82
20,352,ASHIANA,EQ,81854,40637,49.65
20,353,ASHOKA,EQ,871962,372308,42.70
20,354,ASHOKLEY,EQ,8442058,3290176,38.97
20,355,ASIANENE,EQ,90861,49812,54.82
20,356,ASIANHOTNR,EQ,2465,1482,60.12
20,357,ASIANPAINT,EQ,3445983,1624722,47.15
20,358,ASIANTILES,EQ,719535,260614,36.22
20,359,ASKAUTOLTD,EQ,227464,139943,61.52
20,360,ASMS,EQ,387953,226098,58.28
20,361,ASPINWALL,EQ,13346,8043,60.27
20,362,ASPIRE,SM,24000,22000,91.67
20,363,ASTEC,EQ,7215,5178,71.77
20,364,ASTERDM,EQ,2248490,1448826,64.44
20,365,ASTRAL,EQ,686585,338064,49.24
20,366,ASTRAMICRO,EQ,282281,115401,40.88
20,367,ASTRAZEN,EQ,129683,8983,6.93
20,368,ASTRON,EQ,231134,140222,60.67
20,369,ATAM,EQ,71680,43846,61.17
20,370,ATFL,EQ,179980,95232,52.91
20,371,ATGL,EQ,259021,83598,32.27
20,372,ATL,EQ,246500,118695,48.15
20,373,ATMASTCO,ST,3200,3200,100.00
20,374,ATUL,EQ,89187,43008,48.22
20,375,ATULAUTO,EQ,52261,26382,50.48
20,376,AUBANK,EQ,1281942,613826,47.88
20,377,AURDIS,SM,3125,3125,100.00
20,378,AURIONPRO,EQ,47721,22786,47.75
20,379,AUROIMPEX,SM,33600,25600,76.19
20,380,AUROPHARMA,EQ,1007201,589271,58.51
20,381,AURUMPP1,X1,2904,2104,72.45
20,382,AUSL,SM,6000,6000,100.00
20,383,AUSOMENT,EQ,31696,19672,62.06
20,384,AUTOAXLES,EQ,6799,4739,69.70
20,385,AUTOBEES,EQ,236986,171940,72.55
20,386,AUTOIETF,EQ,919256,390091,42.44
20,387,AUTOIND,EQ,27834,15411,55.37
20,388,AVADHSUGAR,EQ,189179,45293,23.94
20,389,AVALON,EQ,1846279,355250,19.24
20,390,AVANTEL,EQ,1020295,567398,55.61
20,391,AVANTIFEED,EQ,417046,99894,23.95
20,392,AVG,EQ,25399,14252,56.11
20,393,AVIANSH,SM,38000,22000,57.89
20,394,AVL,EQ,162255,77296,47.64
20,395,AVONMORE,EQ,232212,126665,54.55
20,396,AVPINFRA,ST,32000,32000,100.00
20,397,AVTNPL,EQ,122036,55587,45.55
20,398,AWFIS,EQ,966729,317418,32.83
20,399,AWHCL,EQ,909078,411536,45.27
20,400,AWL,EQ,1251804,571282,45.64
20,401,AXISBANK,EQ,9606088,5508770,57.35
20,402,AXISBNKETF,EQ,954,954,100.00
20,403,AXISBPSETF,EQ,29259,25864,88.40
20,404,AXISCADES,EQ,32399,15315,47.27
20,405,AXISCETF,EQ,3638,3236,88.95
20,406,AXISGOLD,EQ,525379,447538,85.18
20,407,AXISHCETF,EQ,2241,1875,83.67
20,408,AXISILVER,EQ,65738,48731,74.13
20,409,AXISNIFTY,EQ,15537,11173,71.91
20,410,AXISTECETF,EQ,1483,981,66.15
20,411,AXITA,EQ,3270318,1557728,47.63
20,412,AXSENSEX,EQ,3356,3311,98.66
20,413,AZAD,EQ,315028,107816,34.22
20,414,BABAFP,SM,28800,19200,66.67
20,415,BAGFILMS,EQ,248783,149557,60.12
20,416,BAHETI,ST,9000,8250,91.67
20,417,BAJAJ-AUTO,EQ,316606,153732,48.56
20,418,BAJAJCON,EQ,1018661,533070,52.33
20,419,BAJAJELEC,EQ,39754,16778,42.20
20,420,BAJAJFINSV,EQ,903492,387600,42.90
20,421,BAJAJHCARE,EQ,214605,125268,58.37
20,422,BAJAJHFL,EQ,7649915,4327082,56.56
20,423,BAJAJHIND,EQ,7328416,3300158,45.03
20,424,BAJAJHLDNG,EQ,39197,18645,47.57
20,425,BAJEL,EQ,113385,60096,53.00
20,426,BAJFINANCE,EQ,1057233,522127,49.39
20,427,BALAJEE,EQ,160191,136771,85.38
20,428,BALAMINES,EQ,19959,8444,42.31
20,429,BALAXI,EQ,81927,51651,63.05
20,430,BALKRISHNA,EQ,24970,17918,71.76
20,431,BALKRISIND,EQ,96922,33459,34.52
20,432,BALMLAWRIE,EQ,162373,76646,47.20
20,433,BALRAMCHIN,EQ,644966,253272,39.27
20,434,BALUFORGE,EQ,334137,170795,51.12
20,435,BANARBEADS,EQ,51420,26023,50.61
20,436,BANARISUG,EQ,1850,1243,67.19
20,437,BANCOINDIA,EQ,80447,27984,34.79
20,438,BANDHANBNK,EQ,5526480,2352141,42.56
20,439,BANG,EQ,4205,3491,83.02
20,440,BANKA,EQ,7602,2204,28.99
20,441,BANKBARODA,EQ,6461353,2204177,34.11
20,442,BANKBEES,EQ,881417,720251,81.72
20,443,BANKBETF,EQ,40919,34391,84.05
20,444,BANKETF,EQ,5555,5084,91.52
20,445,BANKETFADD,EQ,2031479,1931550,95.08
20,446,BANKIETF,EQ,270506,88694,32.79
20,447,BANKINDIA,EQ,11559079,3347525,28.96
20,448,BANKNIFTY1,EQ,22696,17432,76.81
20,449,BANKPSU,EQ,10372,9246,89.14
20,450,BANSALWIRE,EQ,764843,312075,40.80
20,451,BANSWRAS,EQ,43923,37981,86.47
20,452,BARBEQUE,EQ,45183,26227,58.05
20,453,BASF,EQ,163345,46042,28.19
20,454,BASILIC,SM,63300,44700,70.62
20,455,BATAINDIA,EQ,330309,142002,42.99
20,456,BAWEJA,SM,5600,4000,71.43
20,457,BAYERCROP,EQ,10135,3622,35.74
20,458,BBETF0432,EQ,12987,12028,92.62
20,459,BBL,EQ,28088,14584,51.92
20,460,BBNPNBETF,EQ,743,561,75.50
20,461,BBNPPGOLD,EQ,2747,2745,99.93
20,462,BBOX,EQ,630020,332059,52.71
20,463,BBTC,EQ,94638,36654,38.73
20,464,BBTCL,EQ,2460,1547,62.89
20,465,BCLIND,EQ,1548830,748580,48.33
20,466,BCONCEPTS,EQ,67056,34491,51.44
20,467,BDL,EQ,465129,170615,36.68
20,468,BEACON,SM,43000,24000,55.81
20,469,BEARDSELL,EQ,60340,37336,61.88
20,470,BECTORFOOD,EQ,233564,117786,50.43
20,471,BEDMUTHA,EQ,41834,21168,50.60
20,472,BEL,EQ,14292965,6081818,42.55
20,473,BEML,EQ,217736,50810,23.34
20,474,BEPL,EQ,564308,224152,39.72
20,475,BERGEPAINT,EQ,746801,377875,50.60
20,476,BESTAGRO,EQ,224082,112446,50.18
20,477,BETA,SM,14700,9700,65.99
20,478,BEWLTD,SM,34000,21000,61.76
20,479,BFINVEST,EQ,246332,67034,27.21
20,480,BFSI,EQ,172100,96921,56.32
20,481,BGRENERGY,EQ,103847,61670,59.39
20,482,BHAGCHEM,EQ,32908,21864,66.44
20,483,BHAGYANGR,EQ,78184,42879,54.84
20,484,BHANDARI,EQ,191686,122555,63.94
20,485,BHARATFORG,EQ,745108,345861,46.42
20,486,BHARATGEAR,EQ,12398,5731,46.23
20,487,BHARATRAS,EQ,6670,3183,47.72
20,488,BHARATWIRE,EQ,196732,94073,47.82
20,489,BHARTIARTL,EQ,4479934,2496600,55.73
20,490,BHARTIHEXA,EQ,201403,63200,31.38
20,491,BHEL,EQ,10589650,2607748,24.63
20,492,BHINVIT,IV,232294,221748,95.46
20,493,BIGBLOC,EQ,217514,115662,53.17
20,494,BIKAJI,EQ,130951,58703,44.83
20,495,BIKEWO,SM,16000,12000,75.00
20,496,BIOCON,EQ,5707023,2024114,35.47
20,497,BIOFILCHEM,EQ,46709,27848,59.62
20,498,BIRET,RR,329655,311118,94.38
20,499,BIRLACABLE,EQ,19613,12827,65.40
20,500,BIRLACORPN,EQ,65084,36416,55.95
20,501,BLAL,EQ,39321,25114,63.87
20,502,BLBLIMITED,EQ,31678,13542,42.75
20,503,BLISSGVS,EQ,192654,83304,43.24
20,504,BLKASHYAP,EQ,437245,235348,53.83
20,505,BLS,EQ,4902628,1581218,32.25
20,506,BLSE,EQ,272885,93828,34.38
20,507,BLUEDART,EQ,10854,2755,25.38
20,508,BLUEJET,EQ,352123,107777,30.61
20,509,BLUEPEBBLE,SM,15200,11200,73.68
20,510,BLUESTARCO,EQ,122952,53243,43.30
20,511,BMETRICS,SM,3200,1600,50.00
20,512,BODALCHEM,EQ,168586,97825,58.03
20,513,BOMDYEING,EQ,1269529,429644,33.84
20,514,BOROLTD,EQ,297304,96059,32.31
20,515,BORORENEW,EQ,739386,248337,33.59
20,516,BOROSCI,EQ,148107,95656,64.59
20,517,BOSCHLTD,EQ,56027,16432,29.33
20,518,BOSS,SM,32000,18000,56.25
20,519,BPCL,EQ,7192998,2976868,41.39
20,520,BPL,EQ,144403,103066,71.37
20,521,BRACEPORT,SM,76800,62400,81.25
20,522,BRIGADE,EQ,357127,158824,44.47
20,523,BRITANNIA,EQ,2441209,871706,35.71
20,524,BRNL,EQ,23793,14043,59.02
20,525,BSE,EQ,1810046,464002,25.63
20,526,BSE500IETF,EQ,86920,38422,44.20
20,527,BSHSL,EQ,4235,3131,73.93
20,528,BSL,EQ,51149,29699,58.06
20,529,BSLGOLDETF,EQ,67228,49282,73.31
20,530,BSLNIFTY,EQ,261213,194256,74.37
20,531,BSLSENETFG,EQ,2632,2513,95.48
20,532,BSOFT,EQ,1307650,296150,22.65
20,533,BTML,EQ,796934,356061,44.68
20,534,BULKCORP,SM,8400,6000,71.43
20,535,BUTTERFLY,EQ,32379,5823,17.98
20,536,BVCL,EQ,26351,11591,43.99
20,537,BYKE,EQ,61425,51829,84.38
20,538,CADSYS,ST,2500,2500,100.00
20,539,CAMLINFINE,EQ,3209993,1244688,38.78
20,540,CAMPUS,EQ,569202,186663,32.79
20,541,CAMS,EQ,439487,132769,30.21
20,542,CANARYS,SM,140000,92000,65.71
20,543,CANBK,EQ,14401385,5058640,35.13
20,544,CANFINHOME,EQ,183237,56276,30.71
20,545,CANTABIL,EQ,86354,64660,74.88
20,546,CAPACITE,EQ,640754,215730,33.67
20,547,CAPITALSFB,EQ,21164,16823,79.49
20,548,CAPLIPOINT,EQ,67150,26021,38.75
20,549,CARBORUNIV,EQ,52876,30570,57.81
20,550,CARERATING,EQ,52100,26031,49.96
20,551,CARTRADE,EQ,135786,56652,41.72
20,552,CARYSIL,EQ,48230,26750,55.46
20,553,CASTROLIND,EQ,2111211,1105268,52.35
20,554,CBAZAAR,SM,16000,8000,50.00
20,555,CCHHL,EQ,70326,52311,74.38
20,556,CCL,EQ,195853,49896,25.48
20,557,CDSL,EQ,2901567,984435,33.93
20,558,CEATLTD,EQ,108758,64082,58.92
20,559,CEIGALL,EQ,457560,227699,49.76
20,560,CELEBRITY,EQ,49612,44035,88.76
20,561,CELLECOR,ST,855000,723000,84.56
20,562,CELLO,EQ,37709,23477,62.26
20,563,CELLPOINT,SM,4800,4800,100.00
20,564,CENTENKA,EQ,48364,20965,43.35
20,565,CENTRALBK,EQ,2397059,718921,29.99
20,566,CENTRUM,EQ,497937,271019,54.43
20,567,CENTUM,EQ,8262,3936,47.64
20,568,CENTURYPLY,EQ,37174,18497,49.76
20,569,CERA,EQ,29170,7804,26.75
20,570,CESC,EQ,4262381,1203170,28.23
20,571,CGCL,EQ,207892,90960,43.75
20,572,CGPOWER,EQ,1268095,580055,45.74
20,573,CGRAPHICS,SM,76800,66400,86.46
20,574,CHALET,EQ,117135,48156,41.11
20,575,CHAMBLFERT,EQ,2103932,706799,33.59
20,576,CHAVDA,SM,51000,32000,62.75
20,577,CHEMBOND,EQ,4353,1984,45.58
20,578,CHEMCON,EQ,22075,15149,68.63
20,579,CHEMFAB,EQ,8437,5726,67.87
20,580,CHEMPLASTS,EQ,105424,37943,35.99
20,581,CHENNPETRO,EQ,1141701,492182,43.11
20,582,CHETANA,SM,38400,32000,83.33
20,583,CHEVIOT,EQ,3065,2109,68.81
20,584,CHOICEIN,EQ,561378,113910,20.29
20,585,CHOLAFIN,EQ,1006239,454037,45.12
20,586,CHOLAHLDNG,EQ,84026,33003,39.28
20,587,CIEINDIA,EQ,65447,32950,50.35
20,588,CIFC28,NB,8,8,100.00
20,589,CIGNITITEC,EQ,252475,174736,69.21
20,590,CINELINE,EQ,10167,7376,72.55
20,591,CINEVISTA,EQ,19640,13558,69.03
20,592,CIPLA,EQ,2782808,1988780,71.47
20,593,CLEAN,EQ,77153,35209,45.64
20,594,CLOUD,ST,32000,32000,100.00
20,595,CLSEL,EQ,203766,43743,21.47
20,596,CLSL,SM,10000,10000,100.00
20,597,CMMIPL,ST,3000,3000,100.00
20,598,CMNL,ST,12000,10500,87.50
20,599,CMRSL,SM,2400,1600,66.67
20,600,CMSINFO,EQ,460645,224346,48.70
20,601,COALINDIA,EQ,6564348,3824345,58.26
20,602,COASTCORP,EQ,141258,57416,40.65
20,603,COFORGE,EQ,390338,201780,51.69
20,604,COLPAL,EQ,478409,276788,57.86
20,605,COMMITTED,SM,1600,1600,100.00
20,606,COMMOIETF,EQ,116032,84019,72.41
20,607,COMPUSOFT,EQ,117704,79417,67.47
20,608,COMSYN,EQ,53665,16353,30.47
20,609,CONCOR,EQ,622501,261624,42.03
20,610,CONCORDBIO,EQ,50673,17669,34.87
20,611,CONFIPET,EQ,737086,340432,46.19
20,612,CONS,EQ,6186,5930,95.86
20,613,CONSOFINVT,EQ,7075,4034,57.02
20,614,CONSUMBEES,EQ,247784,200608,80.96
20,615,CONSUMIETF,EQ,144780,103359,71.39
20,616,CONTI,ST,9999,9999,100.00
20,617,CONTROLPR,EQ,12943,7577,58.54
20,618,COOLCAPS,ST,4000,4000,100.00
20,619,CORDSCABLE,EQ,122785,65498,53.34
20,620,COROMANDEL,EQ,344347,192180,55.81
20,621,COSMOFIRST,EQ,33242,16578,49.87
20,622,COUNCODOS,EQ,24052,17881,74.34
20,623,CPS,ST,600,600,100.00
20,624,CPSEETF,EQ,2132078,1120979,52.58
20,625,CRAFTSMAN,EQ,9468,3004,31.73
20,626,CRAYONS,SM,20000,17000,85.00
20,627,CREATIVE,EQ,19208,9788,50.96
20,628,CREDITACC,EQ,141599,76357,53.92
20,629,CREST,EQ,71557,42862,59.90
20,630,CRISIL,EQ,35217,12951,36.77
20,631,CROMPTON,EQ,4078155,2351350,57.66
20,632,CSBBANK,EQ,249988,110438,44.18
20,633,CSLFINANCE,EQ,52711,40702,77.22
20,634,CUB,EQ,4540898,2325948,51.22
20,635,CUBEXTUB,EQ,41548,24836,59.78
20,636,CUMMINSIND,EQ,743826,385657,51.85
20,637,CUPID,EQ,184163,137900,74.88
20,638,CYBERMEDIA,EQ,128097,65401,51.06
20,639,CYIENT,EQ,174524,97970,56.14
20,640,CYIENTDLM,EQ,100063,50695,50.66
20,641,DABUR,EQ,4775306,3538729,74.10
20,642,DALBHARAT,EQ,79048,29991,37.94
20,643,DALMIASUG,EQ,85799,42784,49.87
20,644,DAMODARIND,EQ,12015,10127,84.29
20,645,DANGEE,EQ,126755,84296,66.50
20,646,DANISH,ST,252900,173400,68.56
20,647,DATAMATICS,EQ,94938,19593,20.64
20,648,DATAPATTNS,EQ,552146,65058,11.78
20,649,DAVANGERE,EQ,1141363,751219,65.82
20,650,DBCORP,EQ,104423,66284,63.48
20,651,DBEIL,EQ,216642,107958,49.83
20,652,DBL,EQ,415380,68463,16.48
20,653,DBOL,EQ,63354,34731,54.82
20,654,DBREALTY,EQ,773430,321485,41.57
20,655,DBSTOCKBRO,EQ,17154,13403,78.13
20,656,DCAL,EQ,579933,332673,57.36
20,657,DCBBANK,EQ,466534,275474,59.05
20,658,DCG,SM,22800,22800,100.00
20,659,DCI,EQ,9547,6377,66.80
20,660,DCMNVL,EQ,5186,3896,75.13
20,661,DCMSHRIRAM,EQ,252190,75046,29.76
20,662,DCMSRIND,EQ,92162,49112,53.29
20,663,DCW,EQ,2156908,821133,38.07
20,664,DCXINDIA,EQ,292496,183990,62.90
20,665,DECCANCE,EQ,20933,10293,49.17
20,666,DECCANTRAN,SM,19200,13200,68.75
20,667,DEEDEV,EQ,3911732,536829,13.72
20,668,DEEM,SM,19000,11000,57.89
20,669,DEEPAKFERT,EQ,1087053,208855,19.21
20,670,DEEPAKNTR,EQ,403641,241037,59.72
20,671,DEEPINDS,EQ,106577,62429,58.58
20,672,DELAPLEX,SM,3000,3000,100.00
20,673,DELHIVERY,EQ,1522754,1051902,69.08
20,674,DELPHIFX,EQ,4453,3766,84.57
20,675,DELTACORP,EQ,1993618,740852,37.16
20,676,DELTAMAGNT,EQ,65364,24616,37.66
20,677,DEN,EQ,615415,236711,38.46
20,678,DENEERS,SM,176400,118200,67.01
20,679,DENORA,EQ,7635,5589,73.20
20,680,DENTALKART,SM,85750,48000,55.98
20,681,DESTINY,ST,6000,6000,100.00
20,682,DEVIT,EQ,143870,74688,51.91
20,683,DEVYANI,EQ,1401419,762546,54.41
20,684,DHAMPURSUG,EQ,178273,96115,53.91
20,685,DHANBANK,EQ,438993,230811,52.58
20,686,DHANI,EQ,5192074,1809487,34.85
20,687,DHANUKA,EQ,33869,16553,48.87
20,688,DHARIWAL,SM,34800,31200,89.66
20,689,DHARMAJ,EQ,385950,148673,38.52
20,690,DHRUV,EQ,37682,20993,55.71
20,691,DHTL,ST,1600,1600,100.00
20,692,DHUNINV,EQ,4775,2125,44.50
20,693,DIAMINESQ,EQ,10019,6505,64.93
20,694,DIAMONDYD,EQ,156815,67207,42.86
20,695,DIFFNKG,EQ,155613,92140,59.21
20,696,DIGIDRIVE,EQ,37170,21167,56.95
20,697,DIGIKORE,SM,7400,6400,86.49
20,698,DIL,EQ,292403,169189,57.86
20,699,DISHTV,EQ,4979854,1514868,30.42
20,700,DIVGIITTS,EQ,10674,5792,54.26
20,701,DIVISLAB,EQ,433122,240673,55.57
20,702,DIVOPPBEES,EQ,89154,73864,82.85
20,703,DIVYADHAN,SM,2000,2000,100.00
20,704,DIXON,EQ,478330,143566,30.01
20,705,DJML,EQ,63779,44518,69.80
20,706,DKEGL,SM,1500,1500,100.00
20,707,DLF,EQ,2258658,711216,31.49
20,708,DLINKINDIA,EQ,88742,45631,51.42
20,709,DLSL25,NW,5,5,100.00
20,710,DMART,EQ,683988,477195,69.77
20,711,DMCC,EQ,8383,5602,66.83
20,712,DODLA,EQ,22761,9756,42.86
20,713,DOLATALGO,EQ,881957,465412,52.77
20,714,DOLLAR,EQ,78508,34515,43.96
20,715,DOLLEX,SM,60000,48000,80.00
20,716,DOMS,EQ,94255,26959,28.60
20,717,DPABHUSHAN,EQ,28584,12708,44.46
20,718,DPEL,SM,61500,34500,56.10
20,719,DPSCLTD,EQ,249003,138185,55.50
20,720,DPWIRES,EQ,10543,5172,49.06
20,721,DRCSYSTEMS,EQ,327005,255955,78.27
20,722,DREAMFOLKS,EQ,92430,59071,63.91
20,723,DREDGECORP,EQ,31452,17003,54.06
20,724,DRONE,ST,64000,62500,97.66
20,725,DRREDDY,EQ,1110785,701371,63.14
20,726,DSSL,EQ,143891,38382,26.67
20,727,DTIL,EQ,35873,25581,71.31
20,728,DTL,SM,4800,4800,100.00
20,729,DUCOL,SM,8000,7200,90.00
20,730,DUCON,EQ,644254,410165,63.67
20,731,DUGLOBAL,SM,12500,12500,100.00
20,732,DURLAX,SM,84000,76000,90.48
20,733,DVL,EQ,34113,20790,60.94
20,734,DWARKESH,EQ,761678,316295,41.53
20,735,DYCL,EQ,67378,25874,38.40
20,736,DYNAMATECH,EQ,7310,1649,22.56
20,737,DYNAMIC,ST,45000,38000,84.44
20,738,EASEMYTRIP,EQ,6300090,1772090,28.13
20,739,EBANKNIFTY,EQ,1274,759,59.58
20,740,EBBETF0425,EQ,2814,2664,94.67
20,741,EBBETF0430,EQ,6426,4613,71.79
20,742,EBBETF0431,EQ,7087,6472,91.32
20,743,EBBETF0433,EQ,6947,5642,81.21
20,744,ECLERX,EQ,199297,67069,33.65
20,745,ECOSMOBLTY,EQ,203045,80676,39.73
20,746,EDELWEISS,EQ,2049431,894785,43.66
20,747,EFACTOR,ST,32000,32000,100.00
20,748,EFFWA,ST,32800,32000,97.56
20,749,EFORCE,SM,16800,15600,92.86
20,750,EGOLD,EQ,58168,57802,99.37
20,751,EICHERMOT,EQ,326018,173937,53.35
20,752,EIDPARRY,EQ,239042,96027,40.17
20,753,EIHAHOTELS,EQ,47746,23962,50.19
20,754,EIHOTEL,EQ,520801,208505,40.04
20,755,EIMCOELECO,EQ,3167,1679,53.02
20,756,EKC,EQ,252549,93372,36.97
20,757,ELDEHSG,EQ,929,588,63.29
20,758,ELECON,EQ,266363,105461,39.59
20,759,ELECTCAST,EQ,3440362,1760689,51.18
20,760,ELECTHERM,EQ,108419,56885,52.47
20,761,ELGIEQUIP,EQ,155092,62017,39.99
20,762,ELGIRUBCO,EQ,60069,34714,57.79
20,763,ELIN,EQ,109621,47344,43.19
20,764,EMAMILTD,EQ,470310,190114,40.42
20,765,EMAMIPAP,EQ,23125,12248,52.96
20,766,EMAMIREAL,EQ,32525,21285,65.44
20,767,EMBASSY,RR,428411,380254,88.76
20,768,EMBDL,EQ,6492292,2409126,37.11
20,769,EMCURE,EQ,73200,36178,49.42
20,770,EMIL,EQ,5674052,1933354,34.07
20,771,EMKAYTOOLS,SM,750,750,100.00
20,772,EMMBI,EQ,46862,22371,47.74
20,773,EMMIL,SM,4000,3750,93.75
20,774,EMSLIMITED,EQ,155103,73309,47.26
20,775,EMUDHRA,EQ,53708,18342,34.15
20,776,EMULTIMQ,EQ,64388,60602,94.12
20,777,ENDURANCE,EQ,147893,97798,66.13
20,778,ENERGYDEV,EQ,374032,184838,49.42
20,779,ENFUSE,SM,13200,9600,72.73
20,780,ENGINERSIN,EQ,2168672,647378,29.85
20,781,ENIL,EQ,18292,11198,61.22
20,782,ENSER,ST,25000,25000,100.00
20,783,ENTERO,EQ,37405,21420,57.27
20,784,ENVIRO,SM,236000,174000,73.73
20,785,EPIGRAL,EQ,92097,24266,26.35
20,786,EPL,EQ,4857624,815038,16.78
20,787,EQUAL50ADD,EQ,14485,13938,96.22
20,788,EQUITASBNK,EQ,4048876,1138561,28.12
20,789,ERIS,EQ,280997,173101,61.60
20,790,ESABINDIA,EQ,3941,2080,52.78
20,791,ESAFSFB,EQ,411403,214441,52.12
20,792,ESCONET,ST,2000,2000,100.00
20,793,ESCORTS,EQ,158647,48909,30.83
20,794,ESFL,ST,80100,80100,100.00
20,795,ESG,EQ,9886,7545,76.32
20,796,ESILVER,EQ,37978,37170,97.87
20,797,ESPRIT,SM,12800,9600,75.00
20,798,ESTER,EQ,303681,85049,28.01
20,799,ETHOSLTD,EQ,55717,20648,37.06
20,800,EUREKAFORB,EQ,221321,114522,51.74
20,801,EUROBOND,SM,15000,12000,80.00
20,802,EVEREADY,EQ,75907,35671,46.99
20,803,EVERESTIND,EQ,35499,22092,62.23
20,804,EVINDIA,EQ,460202,366076,79.55
20,805,EXCEL,EQ,68952821,32249129,46.77
20,806,EXCELINDUS,EQ,19548,11126,56.92
20,807,EXCELLENT,SM,3200,3200,100.00
20,808,EXICOM,EQ,323283,152931,47.31
20,809,EXIDEIND,EQ,5228338,985736,18.85
20,810,EXPLEOSOL,EQ,11301,7783,68.87
20,811,EXXARO,EQ,83762,49150,58.68
20,812,FACT,EQ,108270,26808,24.76
20,813,FAIRCHEMOR,EQ,11199,7702,68.77
20,814,FAZE3Q,EQ,11642,6305,54.16
20,815,FCL,EQ,112579,47506,42.20
20,816,FCSSOFT,EQ,3364624,1727084,51.33
20,817,FDC,EQ,98076,56241,57.34
20,818,FEDERALBNK,EQ,8129987,3369157,41.44
20,819,FEDFINA,EQ,246195,156736,63.66
20,820,FELIX,ST,9000,9000,100.00
20,821,FIBERWEB,EQ,112046,76525,68.30
20,822,FIDEL,SM,22000,17000,77.27
20,823,FIEMIND,EQ,29070,13962,48.03
20,824,FILATEX,EQ,9038081,4027151,44.56
20,825,FINCABLES,EQ,254973,57651,22.61
20,826,FINEORG,EQ,12278,5174,42.14
20,827,FINIETF,EQ,199208,145775,73.18
20,828,FINOPB,EQ,61464,24999,40.67
20,829,FINPIPE,EQ,373460,151219,40.49
20,830,FIRSTCRY,EQ,1371030,738423,53.86
20,831,FIVESTAR,EQ,491484,246572,50.17
20,832,FLAIR,EQ,151207,93626,61.92
20,833,FLUOROCHEM,EQ,76577,49669,64.86
20,834,FMCGIETF,EQ,758488,547928,72.24
20,835,FMGOETZE,EQ,14940,6728,45.03
20,836,FONEBOX,SM,1000,1000,100.00
20,837,FOODSIN,EQ,63608,38570,60.64
20,838,FORCAS,SM,24000,20800,86.67
20,839,FORCEMOT,EQ,15649,8817,56.34
20,840,FORGEAUTO,SM,4800,3600,75.00
20,841,FORTIS,EQ,2813521,1280634,45.52
20,842,FOSECOIND,EQ,1620,1229,75.86
20,843,FRESHARA,SM,146400,118800,81.15
20,844,FROG,SM,29600,19200,64.86
20,845,FSL,EQ,13764343,1654914,12.02
20,846,FUSION,EQ,308032,157274,51.06
20,847,GABRIEL,EQ,68891,32323,46.92
20,848,GAEL,EQ,460832,211657,45.93
20,849,GAIL,EQ,17295996,7821106,45.22
20,850,GAJANAND,ST,6000,6000,100.00
20,851,GALAPREC,EQ,100420,30379,30.25
20,852,GALAXYSURF,EQ,24961,6560,26.28
20,853,GANDHAR,EQ,564896,345994,61.25
20,854,GANDHITUBE,EQ,2834,1650,58.22
20,855,GANECOS,EQ,155036,43840,28.28
20,856,GANESHBE,EQ,42228,26825,63.52
20,857,GANESHHOUC,EQ,186369,92516,49.64
20,858,GANGAFORGE,EQ,259219,196054,75.63
20,859,GANGESSECU,EQ,63718,28718,45.07
20,860,GARFIBRES,EQ,4915,2563,52.15
20,861,GARUDA,EQ,223840,89973,40.20
20,862,GATEWAY,EQ,326568,147317,45.11
20,863,GAYAHWS,EQ,534752,484366,90.58
20,864,GEECEE,EQ,49094,19340,39.39
20,865,GENCON,EQ,119146,50443,42.34
20,866,GENESYS,EQ,186379,92348,49.55
20,867,GENSOL,EQ,105298,60517,57.47
20,868,GENUSPAPER,EQ,227874,111260,48.83
20,869,GENUSPOWER,EQ,397093,178256,44.89
20,870,GEOJITFSL,EQ,666367,325540,48.85
20,871,GEPIL,EQ,148112,86743,58.57
20,872,GESHIP,EQ,722760,310408,42.95
20,873,GFLLIMITED,EQ,1101437,372475,33.82
20,874,GGBL,SM,245700,137400,55.92
20,875,GHCL,EQ,119050,51366,43.15
20,876,GHCLTEXTIL,EQ,149246,77397,51.86
20,877,GICHSGFIN,EQ,79745,42020,52.69
20,878,GICL,SM,27000,16500,61.11
20,879,GICRE,EQ,323738,125764,38.85
20,880,GILLANDERS,EQ,30187,19811,65.63
20,881,GILLETTE,EQ,19794,7600,38.40
20,882,GILT5YBEES,EQ,167978,137733,81.99
20,883,GINNIFILA,EQ,119985,60514,50.43
20,884,GIPCL,EQ,240228,156579,65.18
20,885,GKWLIMITED,EQ,14331,11803,82.36
20,886,GLAND,EQ,87563,34903,39.86
20,887,GLAXO,EQ,59505,26656,44.80
20,888,GLENMARK,EQ,1108375,150145,13.55
20,889,GLOBAL,EQ,49665,32351,65.14
20,890,GLOBALPET,SM,9000,7500,83.33
20,891,GLOBE,EQ,361730,261596,72.32
20,892,GLOBUSSPR,EQ,804697,157306,19.55
20,893,GLOSTERLTD,EQ,1800,1347,74.83
20,894,GLS,EQ,88602,45906,51.81
20,895,GMBREW,EQ,16077,9087,56.52
20,896,GMDCLTD,EQ,1089301,460686,42.29
20,897,GMMPFAUDLR,EQ,532329,440707,82.79
20,898,GMRINFRA,EQ,6872819,2832965,41.22
20,899,GMRP&UI,EQ,2009435,1197387,59.59
20,900,GNA,EQ,21262,14276,67.14
20,901,GNFC,EQ,518462,232450,44.83
20,902,GOACARBON,EQ,32088,14665,45.70
20,903,GOCLCORP,EQ,54650,24596,45.01
20,904,GOCOLORS,EQ,27681,16634,60.09
20,905,GODAVARIB,EQ,442904,222813,50.31
20,906,GODFRYPHLP,EQ,64123,14814,23.10
20,907,GODHA,EQ,8663924,3800533,43.87
20,908,GODIGIT,EQ,468684,187514,40.01
20,909,GODREJAGRO,EQ,95305,59698,62.64
20,910,GODREJCP,EQ,2993508,2105702,70.34
20,911,GODREJIND,EQ,66504,20746,31.20
20,912,GODREJPROP,EQ,542863,216132,39.81
20,913,GOKEX,EQ,38998,15772,40.44
20,914,GOKULAGRO,EQ,1174964,355876,30.29
20,915,GOLD1,EQ,332047,254281,76.58
20,916,GOLDBEES,EQ,17377363,13353397,76.84
20,917,GOLDCASE,EQ,915435,797303,87.10
20,918,GOLDETF,EQ,251432,209346,83.26
20,919,GOLDETFADD,EQ,402447,396026,98.40
20,920,GOLDIAM,EQ,305716,140533,45.97
20,921,GOLDIETF,EQ,3389372,2823310,83.30
20,922,GOLDSHARE,EQ,426922,265956,62.30
20,923,GOLDSTAR,SM,135000,90000,66.67
20,924,GOODLUCK,EQ,449378,147461,32.81
20,925,GOPAL,EQ,613264,357960,58.37
20,926,GOYALALUM,EQ,226947,154333,68.00
20,927,GOYALSALT,SM,18000,11400,63.33
20,928,GPECO,SM,31200,21000,67.31
20,929,GPIL,EQ,864670,404705,46.80
20,930,GPPL,EQ,637205,359578,56.43
20,931,GPTHEALTH,EQ,102705,65930,64.19
20,932,GPTINFRA,EQ,372448,290817,78.08
20,933,GRANULES,EQ,1401163,513810,36.67
20,934,GRAPHISAD,ST,9600,9600,100.00
20,935,GRAPHITE,EQ,386755,151174,39.09
20,936,GRASIM,EQ,520250,274721,52.81
20,937,GRASIMPP1,E1,5892,4497,76.32
20,938,GRAVITA,EQ,114428,42593,37.22
20,939,GREAVESCOT,EQ,1250770,459219,36.71
20,940,GREENCHEF,SM,51200,37600,73.44
20,941,GREENLAM,EQ,9412,3857,40.98
20,942,GREENPANEL,EQ,217173,145326,66.92
20,943,GREENPLY,EQ,189890,88468,46.59
20,944,GREENPOWER,EQ,6152758,2114820,34.37
20,945,GRETEX,ST,750,750,100.00
20,946,GRINDWELL,EQ,18187,6614,36.37
20,947,GRINFRA,EQ,50922,13726,26.95
20,948,GRMOVER,EQ,32211,16707,51.87
20,949,GROWWDEFNC,EQ,144013,101241,70.30
20,950,GROWWEV,EQ,673192,531614,78.97
20,951,GROWWGOLD,EQ,166400,94447,56.76
20,952,GROWWLIQID,EQ,23754,17853,75.16
20,953,GRSE,EQ,273441,108838,39.80
20,954,GRWRHITECH,EQ,23850,9771,40.97
20,955,GSEC10IETF,EQ,328,325,99.09
20,956,GSEC10YEAR,EQ,211982,110758,52.25
20,957,GSEC5IETF,EQ,48,44,91.67
20,958,GSFC,EQ,827112,432736,52.32
20,959,GSLSU,EQ,59803,34654,57.95
20,960,GSMFOILS,ST,52000,52000,100.00
20,961,GSPL,EQ,699537,385038,55.04
20,962,GSS,EQ,14993,6420,42.82
20,963,GSTL,SM,78000,56000,71.79
20,964,GTL,EQ,382629,214066,55.95
20,965,GTLINFRA,EQ,52527622,18636748,35.48
20,966,GTPL,EQ,36140,25454,70.43
20,967,GUFICBIO,EQ,59943,25342,42.28
20,968,GUJALKALI,EQ,57475,25928,45.11
20,969,GUJGASLTD,EQ,558217,184797,33.10
20,970,GUJRAFFIA,EQ,2986,906,30.34
20,971,GULFOILLUB,EQ,60561,24426,40.33
20,972,GULFPETRO,EQ,102422,47664,46.54
20,973,GULPOLY,EQ,101154,60042,59.36
20,974,GVPTECH,EQ,26090,16691,63.97
20,975,HAL,EQ,1366992,475619,34.79
20,976,HAPPSTMNDS,EQ,223724,149279,66.72
20,977,HAPPYFORGE,EQ,28454,13422,47.17
20,978,HARDWYN,EQ,3640834,610017,16.75
20,979,HARIOMPIPE,EQ,76160,29390,38.59
20,980,HARSHA,EQ,31529,14836,47.06
20,981,HATHWAY,EQ,1665082,679051,40.78
20,982,HATSUN,EQ,23606,11642,49.32
20,983,HAVELLS,EQ,538309,318225,59.12
20,984,HBLPOWER,EQ,3234949,548032,16.94
20,985,HBSL,EQ,48954,33158,67.73
20,986,HCC,EQ,11881664,5666637,47.69
20,987,HCG,EQ,333146,208790,62.67
20,988,HCLTECH,EQ,2711052,1833755,67.64
20,989,HDFCAMC,EQ,477903,197431,41.31
20,990,HDFCBANK,EQ,15697703,7410508,47.21
20,991,HDFCBSE500,EQ,27473,23231,84.56
20,992,HDFCGOLD,EQ,9333630,8095834,86.74
20,993,HDFCGROWTH,EQ,2534,1596,62.98
20,994,HDFCLIFE,EQ,2502158,1069925,42.76
20,995,HDFCLIQUID,EQ,709,696,98.17
20,996,HDFCLOWVOL,EQ,32261,21220,65.78
20,997,HDFCMID150,EQ,172318,114477,66.43
20,998,HDFCMOMENT,EQ,224983,173987,77.33
20,999,HDFCNEXT50,EQ,131545,112324,85.39
20,1000,HDFCNIF100,EQ,176243,169988,96.45
20,1001,HDFCNIFBAN,EQ,41803,38548,92.21
20,1002,HDFCNIFIT,EQ,15478,13481,87.10
20,1003,HDFCNIFTY,EQ,52458,47843,91.20
20,1004,HDFCPSUBK,EQ,30375,21522,70.85
20,1005,HDFCPVTBAN,EQ,170395,141132,82.83
20,1006,HDFCQUAL,EQ,19796,16944,85.59
20,1007,HDFCSENSEX,EQ,20714,16929,81.73
20,1008,HDFCSILVER,EQ,879238,691545,78.65
20,1009,HDFCSML250,EQ,475167,396508,83.45
20,1010,HDFCVALUE,EQ,4165,2645,63.51
20,1011,HEADSUP,EQ,69195,35623,51.48
20,1012,HEALTHADD,EQ,244,204,83.61
20,1013,HEALTHIETF,EQ,33515,18518,55.25
20,1014,HEALTHY,EQ,179749,108237,60.22
20,1015,HEG,EQ,229059,100354,43.81
20,1016,HEIDELBERG,EQ,237014,126739,53.47
20,1017,HEMIPROP,EQ,237765,115382,48.53
20,1018,HERANBA,EQ,148139,75499,50.96
20,1019,HERCULES,EQ,357607,147754,41.32
20,1020,HERITGFOOD,EQ,212061,118861,56.05
20,1021,HEROMOTOCO,EQ,310558,155710,50.14
20,1022,HESTERBIO,EQ,5147,2691,52.28
20,1023,HEUBACHIND,EQ,47004,28560,60.76
20,1024,HEXATRADEX,EQ,7222,4670,64.66
20,1025,HFCL,EQ,24478044,4663599,19.05
20,1026,HGINFRA,EQ,448917,144699,32.23
20,1027,HGS,EQ,24992,12843,51.39
20,1028,HIGREEN,ST,21600,18400,85.19
20,1029,HIKAL,EQ,1010261,199742,19.77
20,1030,HIL,EQ,6385,3808,59.64
20,1031,HILTON,EQ,47959,31386,65.44
20,1032,HIMATSEIDE,EQ,980116,418199,42.67
20,1033,HINDALCO,EQ,12009560,3151989,26.25
20,1034,HINDCOMPOS,EQ,6003,3763,62.69
20,1035,HINDCON,EQ,27724,18699,67.45
20,1036,HINDCOPPER,EQ,4751726,1556137,32.75
20,1037,HINDOILEXP,EQ,387158,178028,45.98
20,1038,HINDPETRO,EQ,6589595,3034446,46.05
20,1039,HINDUNILVR,EQ,1624222,1207650,74.35
20,1040,HINDWAREAP,EQ,132678,82350,62.07
20,1041,HINDZINC,EQ,2222208,1353850,60.92
20,1042,HIRECT,EQ,28713,14612,50.89
20,1043,HISARMETAL,EQ,10162,5383,52.97
20,1044,HITECH,EQ,498055,204080,40.98
20,1045,HITECHCORP,EQ,17274,8563,49.57
20,1046,HLEGLAS,EQ,2929000,294680,10.06
20,1047,HLVLTD,EQ,818286,276183,33.75
20,1048,HMAAGRO,EQ,3077450,1489823,48.41
20,1049,HMVL,EQ,37732,19896,52.73
20,1050,HNDFDS,EQ,54345,32642,60.06
20,1051,HNGSNGBEES,EQ,389311,233144,59.89
20,1052,HOACFOODS,SM,6000,5250,87.50
20,1053,HOLMARC,ST,22500,22500,100.00
20,1054,HOMEFIRST,EQ,169573,110342,65.07
20,1055,HOMESFY,SM,1200,1200,100.00
20,1056,HONASA,EQ,411136,218325,53.10
20,1057,HONAUT,EQ,1652,689,41.71
20,1058,HONDAPOWER,EQ,1802,693,38.46
20,1059,HPAL,EQ,91824,56043,61.03
20,1060,HPIL,EQ,258,131,50.78
20,1061,HPL,EQ,382611,123182,32.20
20,1062,HRHNEXT,ST,18000,18000,100.00
20,1063,HSCL,EQ,636320,240711,37.83
20,1064,HTMEDIA,EQ,128753,83169,64.60
20,1065,HUDCO,EQ,2048294,671555,32.79
20,1066,HUHTAMAKI,EQ,40355,25089,62.17
20,1067,HVAX,SM,3300,3300,100.00
20,1068,HYUNDAI,EQ,1069276,311573,29.14
20,1069,IBLFL,ST,8000,8000,100.00
20,1070,ICDSLTD,EQ,3714,2585,69.60
20,1071,ICEMAKE,EQ,57303,16618,29.00
20,1072,ICICIB22,EQ,1048317,909077,86.72
20,1073,ICICIBANK,EQ,13486168,5842950,43.33
20,1074,ICICIGI,EQ,859956,455797,53.00
20,1075,ICICIPRULI,EQ,1105532,364941,33.01
20,1076,ICIL,EQ,155675,76107,48.89
20,1077,ICRA,EQ,3003,1273,42.39
20,1078,IDBI,EQ,4154779,1903772,45.82
20,1079,IDEA,EQ,280320971,80779661,28.82
20,1080,IDEAFORGE,EQ,74433,33554,45.08
20,1081,IDEALTECHO,SM,29000,27000,93.10
20,1082,IDFCFIRSTB,EQ,19572073,10256650,52.40
20,1083,IDFNIFTYET,EQ,1332,902,67.72
20,1084,IEL,EQ,416212,271701,65.28
20,1085,IEML,SM,30500,21500,70.49
20,1086,IEX,EQ,5484152,1560917,28.46
20,1087,IFBAGRO,EQ,5724,4358,76.14
20,1088,IFBIND,EQ,66258,27504,41.51
20,1089,IFCI,EQ,18803457,3524592,18.74
20,1090,IFCIZC24,NI,301,301,100.00
20,1091,IFGLEXPOR,EQ,28687,14139,49.29
20,1092,IGARASHI,EQ,112299,45479,40.50
20,1093,IGL,EQ,3500647,2156954,61.62
20,1094,IGPL,EQ,36064,15373,42.63
20,1095,IIFL,EQ,464898,200392,43.10
20,1096,IIFLHFZC27,NB,10,10,100.00
20,1097,IIFLSEC,EQ,1174396,626531,53.35
20,1098,IIFLZC25B,NW,10,10,100.00
20,1099,IIFLZC28B,Y1,460,460,100.00
20,1100,IIFLZC28C,N6,3,3,100.00
20,1101,IKIO,EQ,76903,42514,55.28
20,1102,IMAGICAA,EQ,552458,246964,44.70
20,1103,IMC1,N0,350,350,100.00
20,1104,IMC1,N1,70,70,100.00
20,1105,IMC1,N2,14,14,100.00
20,1106,IMC1,N3,170,170,100.00
20,1107,IMFA,EQ,123140,53723,43.63
20,1108,IMPAL,EQ,1409,811,57.56
20,1109,INDBANK,EQ,20696,7070,34.16
20,1110,INDGN,EQ,211238,100869,47.75
20,1111,INDHOTEL,EQ,3386712,1556790,45.97
20,1112,INDIACEM,EQ,785108,583714,74.35
20,1113,INDIAGLYCO,EQ,120788,45784,37.90
20,1114,INDIAMART,EQ,158104,80088,50.66
20,1115,INDIANB,EQ,426370,173924,40.79
20,1116,INDIANCARD,EQ,2969,1659,55.88
20,1117,INDIANHUME,EQ,79382,21797,27.46
20,1118,INDIASHLTR,EQ,249220,210520,84.47
20,1119,INDIFRA,SM,6000,6000,100.00
20,1120,INDIGO,EQ,822043,474796,57.76
20,1121,INDIGOPNTS,EQ,107787,64116,59.48
20,1122,INDIGRID,IV,588034,577788,98.26
20,1123,INDNIPPON,EQ,8891,5610,63.10
20,1124,INDOAMIN,EQ,572783,226804,39.60
20,1125,INDOBORAX,EQ,39516,16718,42.31
20,1126,INDOCO,EQ,37430,21624,57.77
20,1127,INDORAMA,EQ,54327,38340,70.57
20,1128,INDOSTAR,EQ,95774,53717,56.09
20,1129,INDOUS,EQ,1671,668,39.98
20,1130,INDOWIND,EQ,229551,141564,61.67
20,1131,INDRAMEDCO,EQ,383139,215893,56.35
20,1132,INDSWFTLTD,EQ,43606,30059,68.93
20,1133,INDTERRAIN,EQ,56132,28721,51.17
20,1134,INDUSINDBK,EQ,2186055,1197292,54.77
20,1135,INDUSTOWER,EQ,3353016,1521528,45.38
20,1136,INFIBEAM,EQ,7311756,2537552,34.71
20,1137,INFINIUM,ST,3500,3500,100.00
20,1138,INFOBEAN,EQ,25668,15499,60.38
20,1139,INFOLLION,ST,23200,20000,86.21
20,1140,INFRABEES,EQ,11774,7310,62.09
20,1141,INFRAIETF,EQ,124549,71877,57.71
20,1142,INFY,EQ,5012450,3341498,66.66
20,1143,INGERRAND,EQ,17327,4668,26.94
20,1144,INM,SM,1200,1200,100.00
20,1145,INNOMET,SM,24000,22800,95.00
20,1146,INNOVACAP,EQ,97492,34990,35.89
20,1147,INNOVANA,SM,800,600,75.00
20,1148,INOXGREEN,EQ,1219012,546942,44.87
20,1149,INOXINDIA,EQ,470403,144856,30.79
20,1150,INOXWIND,EQ,3667768,1322299,36.05
20,1151,INSECTICID,EQ,198702,85328,42.94
20,1152,INSPIRE,SM,6000,6000,100.00
20,1153,INTELLECT,EQ,103285,43020,41.65
20,1154,INTERARCH,EQ,111312,40562,36.44
20,1155,INTLCONV,EQ,550494,207771,37.74
20,1156,INVENTURE,EQ,1551337,958718,61.80
20,1157,IOB,EQ,3275324,868343,26.51
20,1158,IOC,EQ,10561738,3461896,32.78
20,1159,IOLCP,EQ,66658,30169,45.26
20,1160,IONEXCHANG,EQ,160070,67549,42.20
20,1161,IPCALAB,EQ,840592,265300,31.56
20,1162,IPHL,ST,26400,25200,95.45
20,1163,IPL,EQ,85705,37916,44.24
20,1164,IRB,EQ,11141250,5190432,46.59
20,1165,IRBINVIT,IV,453613,430442,94.89
20,1166,IRCON,EQ,2572256,716770,27.87
20,1167,IRCTC,EQ,1007697,380649,37.77
20,1168,IREDA,EQ,3537890,1343720,37.98
20,1169,IRFC,EQ,13172317,2684675,20.38
20,1170,IRISDOREME,EQ,123790,32865,26.55
20,1171,IRMENERGY,EQ,60824,37397,61.48
20,1172,ISEC,EQ,90408,26981,29.84
20,1173,ISGEC,EQ,19197,9934,51.75
20,1174,ISHAN,ST,48000,48000,100.00
20,1175,IT,EQ,100395,76526,76.22
20,1176,ITBEES,EQ,13831477,11561538,83.59
20,1177,ITC,EQ,5041916,3295131,65.35
20,1178,ITDC,EQ,141690,25466,17.97
20,1179,ITDCEM,EQ,1292015,813537,62.97
20,1180,ITETF,EQ,136320,109139,80.06
20,1181,ITETFADD,EQ,18868,17398,92.21
20,1182,ITI,EQ,42823153,2447709,5.72
20,1183,ITIETF,EQ,6424661,6047944,94.14
20,1184,IVC,EQ,303924,199387,65.60
20,1185,IVP,EQ,39776,24272,61.02
20,1186,IVZINGOLD,EQ,1378,1288,93.47
20,1187,IVZINNIFTY,EQ,65,53,81.54
20,1188,IWEL,EQ,3066,2022,65.95
20,1189,IXIGO,EQ,193511,100849,52.12
20,1190,JAGRAN,EQ,482392,422652,87.62
20,1191,JAGSNPHARM,EQ,82287,27630,33.58
20,1192,JAIBALAJI,EQ,86603,49670,57.35
20,1193,JAICORPLTD,EQ,433614,116797,26.94
20,1194,JAINAM,SM,18000,13000,72.22
20,1195,JAIPURKURT,EQ,150916,56778,37.62
20,1196,JALAN,SM,42000,42000,100.00
20,1197,JAMNAAUTO,EQ,895056,484276,54.11
20,1198,JASH,EQ,172803,76148,44.07
20,1199,JAYAGROGN,EQ,21228,13805,65.03
20,1200,JAYBARMARU,EQ,112539,24261,21.56
20,1201,JAYBEE,SM,145000,76000,52.41
20,1202,JAYNECOIND,EQ,87620,57964,66.15
20,1203,JAYSREETEA,EQ,165834,78841,47.54
20,1204,JBCHEPHARM,EQ,74860,45723,61.08
20,1205,JBMA,EQ,473666,94011,19.85
20,1206,JCHAC,EQ,22699,11836,52.14
20,1207,JEYYAM,SM,48000,40000,83.33
20,1208,JFLLIFE,SM,54000,48000,88.89
20,1209,JGCHEM,EQ,118002,46424,39.34
20,1210,JHS,EQ,179405,124382,69.33
20,1211,JINDALPHOT,EQ,14447,7396,51.19
20,1212,JINDALPOLY,EQ,28840,10811,37.49
20,1213,JINDALSAW,EQ,758565,359065,47.33
20,1214,JINDALSTEL,EQ,2703824,1232029,45.57
20,1215,JINDRILL,EQ,37251,16652,44.70
20,1216,JINDWORLD,EQ,32198,25934,80.55
20,1217,JIOFIN,EQ,5765828,2873069,49.83
20,1218,JISLDVREQS,EQ,65230,43867,67.25
20,1219,JISLJALEQS,EQ,3054341,1482613,48.54
20,1220,JITFINFRA,EQ,179380,86459,48.20
20,1221,J&KBANK,EQ,1779312,836021,46.99
20,1222,JKCEMENT,EQ,41747,14197,34.01
20,1223,JKIL,EQ,78004,39530,50.68
20,1224,JKLAKSHMI,EQ,278994,136944,49.08
20,1225,JKPAPER,EQ,466500,191964,41.15
20,1226,JKTYRE,EQ,231512,114536,49.47
20,1227,JLHL,EQ,120969,45098,37.28
20,1228,JMA,EQ,3581,2941,82.13
20,1229,JMFINANCIL,EQ,6494954,1816721,27.97
20,1230,JNKINDIA,EQ,11845,6849,57.82
20,1231,JOCIL,EQ,7528,5304,70.46
20,1232,JPOLYINVST,EQ,30164,12767,42.33
20,1233,JPPOWER,EQ,46534495,22146567,47.59
20,1234,JSFB,EQ,84183,43374,51.52
20,1235,JSL,EQ,606328,246738,40.69
20,1236,JSLL,SM,26370,19800,75.09
20,1237,JSWENERGY,EQ,5503743,1983375,36.04
20,1238,JSWHL,EQ,143314,22207,15.50
20,1239,JSWINFRA,EQ,689290,322921,46.85
20,1240,JSWSTEEL,EQ,731821,255266,34.88
20,1241,JTEKTINDIA,EQ,116957,66166,56.57
20,1242,JTLIND,EQ,582163,389624,66.93
20,1243,JUBLFOOD,EQ,18717555,1910462,10.21
20,1244,JUBLINGREA,EQ,119579,41146,34.41
20,1245,JUBLPHARMA,EQ,338909,190455,56.20
20,1246,JUNIORBEES,EQ,399623,292638,73.23
20,1247,JUNIPER,EQ,346567,182297,52.60
20,1248,JUSTDIAL,EQ,106136,39194,36.93
20,1249,JWL,EQ,712436,316762,44.46
20,1250,JYOTHYLAB,EQ,2672996,699952,26.19
20,1251,JYOTICNC,EQ,100438,56547,56.30
20,1252,JYOTISTRUC,EQ,17855782,6523671,36.54
20,1253,K2INFRA,SM,52200,33600,64.37
20,1254,KABRAEXTRU,EQ,108310,47320,43.69
20,1255,KAJARIACER,EQ,45120,23710,52.55
20,1256,KAKATCEM,EQ,4082,2673,65.48
20,1257,KALAMANDIR,EQ,68334,43242,63.28
20,1258,KALANA,SM,52000,36000,69.23
20,1259,KALYANIFRG,EQ,1163,986,84.78
20,1260,KALYANKJIL,EQ,4319306,2036910,47.16
20,1261,KAMATHOTEL,EQ,24245,17254,71.17
20,1262,KAMDHENU,EQ,95472,47549,49.80
20,1263,KANANIIND,EQ,313548,247678,78.99
20,1264,KANDARP,ST,4000,4000,100.00
20,1265,KANORICHEM,EQ,36271,19819,54.64
20,1266,KANPRPLA,EQ,30464,17961,58.96
20,1267,KANSAINER,EQ,257101,117813,45.82
20,1268,KAPSTON,EQ,6970,5407,77.58
20,1269,KARMAENG,EQ,50546,24927,49.32
20,1270,KARNIKA,ST,4800,4800,100.00
20,1271,KARURVYSYA,EQ,2483384,1149595,46.29
20,1272,KATARIA,SM,12000,9600,80.00
20,1273,KAUSHALYA,EQ,534,403,75.47
20,1274,KAYNES,EQ,465960,123203,26.44
20,1275,KBCGLOBAL,EQ,28375279,11446619,40.34
20,1276,KCEIL,SM,60500,46000,76.03
20,1277,KCK,ST,57500,55000,95.65
20,1278,KCP,EQ,751898,258567,34.39
20,1279,KDDL,EQ,23907,15974,66.82
20,1280,KDL,ST,4950,4950,100.00
20,1281,KEC,EQ,673633,297797,44.21
20,1282,KECL,EQ,154708,79917,51.66
20,1283,KEI,EQ,146246,84891,58.05
20,1284,KELLTONTEC,EQ,977018,359179,36.76
20,1285,KERNEX,EQ,195611,120956,61.83
20,1286,KESORAMIND,EQ,1321146,915729,69.31
20,1287,KFINTECH,EQ,534441,239591,44.83
20,1288,KHADIM,EQ,9720,6778,69.73
20,1289,KHAICHEM,EQ,124933,49113,39.31
20,1290,KHANDSE,EQ,30783,8470,27.52
20,1291,KHFM,SM,24800,23250,93.75
20,1292,KICL,EQ,22941,11372,49.57
20,1293,KILITCH,EQ,3265,1567,47.99
20,1294,KIMS,EQ,508829,203747,40.04
20,1295,KINGFA,EQ,2399,1401,58.40
20,1296,KIOCL,EQ,2014024,223974,11.12
20,1297,KIRIINDUS,EQ,303334,135999,44.83
20,1298,KIRLOSBROS,EQ,273253,102109,37.37
20,1299,KIRLOSENG,EQ,71114,31594,44.43
20,1300,KIRLOSIND,EQ,2046,1032,50.44
20,1301,KIRLPNU,EQ,206970,125445,60.61
20,1302,KITEX,EQ,276873,156374,56.48
20,1303,KKCL,EQ,16318,10127,62.06
20,1304,KKVAPOW,SM,312,312,100.00
20,1305,KLL,SM,64800,40800,62.96
20,1306,KMSUGAR,EQ,125635,86320,68.71
20,1307,KNAGRI,ST,14400,13600,94.44
20,1308,KNRCON,EQ,404121,137446,34.01
20,1309,KODYTECH,SM,5050,4200,83.17
20,1310,KOHINOOR,EQ,55095,29210,53.02
20,1311,KOKUYOCMLN,EQ,60353,31677,52.49
20,1312,KOLTEPATIL,EQ,1413947,260975,18.46
20,1313,KONSTELEC,SM,7000,6000,85.71
20,1314,KONTOR,ST,7200,7200,100.00
20,1315,KOPRAN,EQ,479343,211973,44.22
20,1316,KORE,SM,5000,3500,70.00
20,1317,KOTAKBANK,EQ,3228390,1908915,59.13
20,1318,KOTARISUG,EQ,58437,36798,62.97
20,1319,KOTHARIPET,EQ,71938,34566,48.05
20,1320,KOTYARK,SM,24300,15300,62.96
20,1321,KPIGREEN,EQ,550432,283400,51.49
20,1322,KPIL,EQ,64067,32268,50.37
20,1323,KPITTECH,EQ,503631,208608,41.42
20,1324,KPRMILL,EQ,83620,45103,53.94
20,1325,KRBL,EQ,374491,216218,57.74
20,1326,KREBSBIO,EQ,49551,20783,41.94
20,1327,KRIDHANINF,EQ,75945,45175,59.48
20,1328,KRISHANA,EQ,19465,12190,62.63
20,1329,KRISHCA,SM,21500,18500,86.05
20,1330,KRISHNADEF,ST,51000,50250,98.53
20,1331,KRN,EQ,1494814,405097,27.10
20,1332,KRONOX,EQ,163503,76483,46.78
20,1333,KROSS,EQ,208370,89766,43.08
20,1334,KRSNAA,EQ,109179,50229,46.01
20,1335,KRYSTAL,EQ,27110,12464,45.98
20,1336,KSB,EQ,127120,43927,34.56
20,1337,KSCL,EQ,46284,22537,48.69
20,1338,KSHITIJPOL,EQ,3302679,1864156,56.44
20,1339,KSL,EQ,31781,15857,49.89
20,1340,KSOLVES,EQ,17755,12607,71.01
20,1341,KTKBANK,EQ,522744,250989,48.01
20,1342,KUANTUM,EQ,24051,10573,43.96
20,1343,LAGNAM,EQ,118976,62253,52.32
20,1344,LAKSHYA,SM,236000,111200,47.12
20,1345,LALPATHLAB,EQ,133841,62078,46.38
20,1346,LAMBODHARA,EQ,13072,7906,60.48
20,1347,LANCORHOL,EQ,104645,77592,74.15
20,1348,LANDMARK,EQ,73694,37782,51.27
20,1349,LAOPALA,EQ,199716,149534,74.87
20,1350,LATENTVIEW,EQ,377256,194405,51.53
20,1351,LAURUSLABS,EQ,1141880,364345,31.91
20,1352,LAWSIKHO,SM,11500,7500,65.22
20,1353,LAXMICOT,EQ,25922,13654,52.67
20,1354,LEMERITE,ST,60000,32800,54.67
20,1355,LEMONTREE,EQ,4165472,2040331,48.98
20,1356,LEXUS,EQ,43949,17402,39.60
20,1357,LGBBROSLTD,EQ,14741,9003,61.07
20,1358,LIBAS,EQ,24137,14270,59.12
20,1359,LICHSGFIN,EQ,2155005,934448,43.36
20,1360,LICI,EQ,2255309,567767,25.17
20,1361,LICMFGOLD,EQ,779,743,95.38
20,1362,LICNETFGSC,EQ,17872,16350,91.48
20,1363,LICNETFN50,EQ,758,674,88.92
20,1364,LICNETFSEN,EQ,153,74,48.37
20,1365,LICNFNHGP,EQ,199,181,90.95
20,1366,LICNMID100,EQ,6167,3399,55.12
20,1367,LIKHITHA,EQ,59416,23915,40.25
20,1368,LINC,EQ,11631,8748,75.21
20,1369,LINCOLN,EQ,18651,11552,61.94
20,1370,LINDEINDIA,EQ,66282,35311,53.27
20,1371,LIQUID,EQ,63382,40027,63.15
20,1372,LIQUID1,EQ,58002,51113,88.12
20,1373,LIQUIDADD,EQ,1187354,918958,77.40
20,1374,LIQUIDBEES,EQ,3652828,2920672,79.96
20,1375,LIQUIDBETF,EQ,6471,486,7.51
20,1376,LIQUIDCASE,EQ,3680761,3567990,96.94
20,1377,LIQUIDETF,EQ,44091,32789,74.37
20,1378,LIQUIDIETF,EQ,176249,89232,50.63
20,1379,LIQUIDSBI,EQ,107106,107097,99.99
20,1380,LIQUIDSHRI,EQ,4432,3034,68.46
20,1381,LLOYDS,SM,17000,11000,64.71
20,1382,LLOYDSENGG,EQ,1416500,537004,37.91
20,1383,LLOYDSENT,EQ,423461,322878,76.25
20,1384,LLOYDSME,EQ,205502,97644,47.51
20,1385,LMW,EQ,6238,3048,48.86
20,1386,LODHA,EQ,4639217,1488455,32.08
20,1387,LOKESHMACH,EQ,145046,59420,40.97
20,1388,LORDSCHLO,EQ,10903,4671,42.84
20,1389,LOWVOL,EQ,1168,916,78.42
20,1390,LOWVOL1,EQ,354431,341373,96.32
20,1391,LOWVOLIETF,EQ,6061396,4714652,77.78
20,1392,LOYALTEX,EQ,239,176,73.64
20,1393,LPDC,EQ,178980,120798,67.49
20,1394,LRRPL,ST,1500,1500,100.00
20,1395,LT,EQ,1116206,579753,51.94
20,1396,LTF,EQ,4140867,1821462,43.99
20,1397,LTFOODS,EQ,856664,482891,56.37
20,1398,LTGILTBEES,EQ,1758367,1628886,92.64
20,1399,LTIM,EQ,289914,181469,62.59
20,1400,LTTS,EQ,368421,71159,19.31
20,1401,LUMAXIND,EQ,2058,1327,64.48
20,1402,LUMAXTECH,EQ,58178,40070,68.87
20,1403,LUPIN,EQ,1313915,715223,54.43
20,1404,LUXIND,EQ,203629,34273,16.83
20,1405,LXCHEM,EQ,410475,153411,37.37
20,1406,LYKALABS,EQ,619520,170192,27.47
20,1407,MACOBSTECH,SM,71200,58400,82.02
20,1408,MACPOWER,EQ,54526,31532,57.83
20,1409,MADHAV,EQ,9624,5443,56.56
20,1410,MADHAVBAUG,SM,10400,7200,69.23
20,1411,MADHUSUDAN,SM,78000,49000,62.82
20,1412,MADRASFERT,EQ,101167,38911,38.46
20,1413,MAFANG,EQ,2957578,1424457,48.16
20,1414,MAGADSUGAR,EQ,11044,4483,40.59
20,1415,MAGNUM,EQ,1097224,778416,70.94
20,1416,MAGSON,SM,12000,12000,100.00
20,1417,MAHABANK,EQ,7587064,2598216,34.25
20,1418,MAHEPC,EQ,31320,12423,39.66
20,1419,MAHESHWARI,EQ,85516,66001,77.18
20,1420,MAHICKRA,SM,8250,6750,81.82
20,1421,MAHKTECH,EQ,4337987,2571096,59.27
20,1422,MAHLIFE,EQ,117269,56515,48.19
20,1423,MAHLOG,EQ,84770,30445,35.91
20,1424,MAHSEAMLES,EQ,187515,103325,55.10
20,1425,MAITHANALL,EQ,144640,78610,54.35
20,1426,MAITREYA,ST,4400,4400,100.00
20,1427,MAKEINDIA,EQ,62424,60005,96.12
20,1428,MAKS,SM,13500,12000,88.89
20,1429,MAL,SM,51200,3200,6.25
20,1430,MALUPAPER,EQ,14467,6831,47.22
20,1431,MANAKALUCO,EQ,46182,29014,62.83
20,1432,MANAKCOAT,EQ,151628,111024,73.22
20,1433,MANAKSIA,EQ,69734,33559,48.12
20,1434,MANAKSTEEL,EQ,80222,47991,59.82
20,1435,MANALIPETC,EQ,472620,281740,59.61
20,1436,MANAPPURAM,EQ,14722563,6039215,41.02
20,1437,MANBA,EQ,175406,81518,46.47
20,1438,MANCREDIT,EQ,28247,2643,9.36
20,1439,MANDEEP,SM,6000,6000,100.00
20,1440,MANGALAM,EQ,14499,10352,71.40
20,1441,MANGCHEFER,EQ,294268,146459,49.77
20,1442,MANGLMCEM,EQ,56345,29876,53.02
20,1443,MANINDS,EQ,292886,174024,59.42
20,1444,MANINFRA,EQ,210598,90211,42.84
20,1445,MANKIND,EQ,162333,85797,52.85
20,1446,MANORAMA,EQ,34335,19644,57.21
20,1447,MANUGRAPH,EQ,154398,63717,41.27
20,1448,MANYAVAR,EQ,68650,32767,47.73
20,1449,MAPMYINDIA,EQ,97889,34831,35.58
20,1450,MARALOVER,EQ,17190,9506,55.30
20,1451,MARATHON,EQ,17429,8776,50.35
20,1452,MARCO,SM,15000,15000,100.00
20,1453,MARICO,EQ,5562123,4191144,75.35
20,1454,MARINE,EQ,353027,155794,44.13
20,1455,MARKSANS,EQ,6810715,1058815,15.55
20,1456,MARSHALL,EQ,295851,158713,53.65
20,1457,MARUTI,EQ,549747,346670,63.06
20,1458,MASFIN,EQ,230198,148985,64.72
20,1459,MASON,SM,10000,9000,90.00
20,1460,MASPTOP50,EQ,1016679,554467,54.54
20,1461,MASTEK,EQ,1145682,261340,22.81
20,1462,MASTER,ST,500,500,100.00
20,1463,MASTERTR,EQ,1186941,78591,6.62
20,1464,MATRIMONY,EQ,24783,11910,48.06
20,1465,MAWANASUG,EQ,98294,61818,62.89
20,1466,MAXESTATES,EQ,71454,40356,56.48
20,1467,MAXHEALTH,EQ,2388597,1369696,57.34
20,1468,MAXIND,EQ,25969,13522,52.07
20,1469,MAXPOSURE,SM,14000,10000,71.43
20,1470,MAYURUNIQ,EQ,175133,143437,81.90
20,1471,MAZDA,EQ,5852,3660,62.54
20,1472,MAZDOCK,EQ,672180,126077,18.76
20,1473,MBAPL,EQ,14584,10361,71.04
20,1474,MCL,EQ,19893,14192,71.34
20,1475,MCLEODRUSS,EQ,414059,319572,77.18
20,1476,MCON,SM,8000,7000,87.50
20,1477,MCX,EQ,403189,180333,44.73
20,1478,MDL,SM,56000,35000,62.50
20,1479,MEDANTA,EQ,110371,56669,51.34
20,1480,MEDIASSIST,EQ,237756,143727,60.45
20,1481,MEDICAMEQ,EQ,15509,8141,52.49
20,1482,MEDICO,EQ,972439,481381,49.50
20,1483,MEDIORG,ST,10000,10000,100.00
20,1484,MEDPLUS,EQ,238673,182866,76.62
20,1485,MEGASTAR,EQ,1212,754,62.21
20,1486,MEGATHERM,SM,56000,41200,73.57
20,1487,MENONBE,EQ,26797,21661,80.83
20,1488,METAL,EQ,176011,131161,74.52
20,1489,METALIETF,EQ,5806895,1938125,33.38
20,1490,METROBRAND,EQ,47812,23987,50.17
20,1491,METROPOLIS,EQ,167022,21812,13.06
20,1492,MFSL,EQ,931840,580226,62.27
20,1493,MGEL,EQ,60554,45103,74.48
20,1494,MGL,EQ,281833,119326,42.34
20,1495,MHHL,SM,4500,4500,100.00
20,1496,MHLXMIRU,EQ,9498,6129,64.53
20,1497,MHRIL,EQ,71937,38803,53.94
20,1498,MICEL,EQ,382427,219390,57.37
20,1499,MICROPRO,SM,17600,12800,72.73
20,1500,MID150BEES,EQ,342667,226755,66.17
20,1501,MID150CASE,EQ,336028,249278,74.18
20,1502,MIDCAP,EQ,44019,36219,82.28
20,1503,MIDCAPETF,EQ,971419,700017,72.06
20,1504,MIDCAPIETF,EQ,486272,335531,69.00
20,1505,MIDHANI,EQ,228104,97374,42.69
20,1506,MIDQ50ADD,EQ,2819,1645,58.35
20,1507,MIDSELIETF,EQ,157273,85554,54.40
20,1508,MIDSMALL,EQ,318482,193838,60.86
20,1509,MIEL,ST,52000,48000,92.31
20,1510,MINDACORP,EQ,611651,196280,32.09
20,1511,MINDSPACE,RR,221067,198558,89.82
20,1512,MIRZAINT,EQ,91202,58372,64.00
20,1513,MITCON,EQ,20522,13830,67.39
20,1514,MITCONPP,E1,1079,1061,98.33
20,1515,MITTAL,EQ,7127031,4290039,60.19
20,1516,M&M,EQ,2414528,1442356,59.74
20,1517,M&MFIN,EQ,1571141,663597,42.24
20,1518,MMFL,EQ,33602,20558,61.18
20,1519,MMTC,EQ,20548489,1845184,8.98
20,1520,MNC,EQ,140309,124473,88.71
20,1521,MODEFENCE,EQ,203817,151008,74.09
20,1522,MOGSEC,EQ,10994,10341,94.06
20,1523,MOHEALTH,EQ,60722,38433,63.29
20,1524,MOHITIND,EQ,43383,27359,63.06
20,1525,MOIL,EQ,676717,276019,40.79
20,1526,MOL,EQ,815970,376082,46.09
20,1527,MOLDTECH,EQ,33352,21809,65.39
20,1528,MOLDTKPAC,EQ,31971,16186,50.63
20,1529,MOLOWVOL,EQ,40311,31058,77.05
20,1530,MOM100,EQ,224610,156178,69.53
20,1531,MOM30IETF,EQ,2937353,2358758,80.30
20,1532,MOM50,EQ,10637,6979,65.61
20,1533,MOMENTUM,EQ,123377,110534,89.59
20,1534,MOMENTUM50,EQ,225356,195797,86.88
20,1535,MOMOMENTUM,EQ,227897,196706,86.31
20,1536,MON100,EQ,541621,341153,62.99
20,1537,MONARCH,EQ,226087,91739,40.58
20,1538,MONIFTY500,EQ,445830,389933,87.46
20,1539,MONOPHARMA,SM,2000,2000,100.00
20,1540,MONQ50,EQ,227874,156646,68.74
20,1541,MONTECARLO,EQ,17888,10385,58.06
20,1542,MOQUALITY,EQ,1578,1478,93.66
20,1543,MOREALTY,EQ,64834,39965,61.64
20,1544,MOREPENLAB,EQ,9332087,1835772,19.67
20,1545,MOS,ST,96400,94800,98.34
20,1546,MOSMALL250,EQ,533374,426037,79.88
20,1547,MOTHERSON,EQ,30442591,13909007,45.69
20,1548,MOTILALOFS,EQ,1893071,533884,28.20
20,1549,MOTOGENFIN,EQ,3909,2458,62.88
20,1550,MOVALUE,EQ,99999,91543,91.54
20,1551,MPHASIS,EQ,612297,344368,56.24
20,1552,MPSLTD,EQ,6173,3502,56.73
20,1553,MPTODAY,SM,4000,4000,100.00
20,1554,MRF,EQ,8804,2799,31.79
20,1555,MRO-TEK,EQ,8046,4516,56.13
20,1556,MRPL,EQ,1671520,458319,27.42
20,1557,MSTCLTD,EQ,233421,86529,37.07
20,1558,MSUMI,EQ,1953221,940498,48.15
20,1559,MTARTECH,EQ,95192,42854,45.02
20,1560,MTNL,EQ,2817124,707744,25.12
20,1561,MUFIN,EQ,151946,91057,59.93
20,1562,MUFTI,EQ,68020,33160,48.75
20,1563,MUKANDLTD,EQ,66831,38646,57.83
20,1564,MUKKA,EQ,1222125,324155,26.52
20,1565,MULTICAP,EQ,111332,93892,84.34
20,1566,MUNJALAU,EQ,237283,81083,34.17
20,1567,MUNJALSHOW,EQ,37963,24192,63.73
20,1568,MURUDCERA,EQ,19271,10120,52.51
20,1569,MUTHOOTCAP,EQ,16543,7418,44.84
20,1570,MUTHOOTFIN,EQ,300260,96039,31.99
20,1571,MUTHOOTMF,EQ,102333,64361,62.89
20,1572,MVGJL,EQ,120259,48041,39.95
20,1573,MVKAGRO,SM,13200,12000,90.91
20,1574,MWL,SM,3600,3600,100.00
20,1575,MYMUDRA,SM,36000,32400,90.00
20,1576,NACLIND,EQ,56939,29902,52.52
20,1577,NAGAFERT,EQ,657582,376425,57.24
20,1578,NAGREEKCAP,EQ,11983,11206,93.52
20,1579,NAHARCAP,EQ,17762,14598,82.19
20,1580,NAHARINDUS,EQ,10284,5592,54.38
20,1581,NAHARSPING,EQ,14160,9733,68.74
20,1582,NAMAN,ST,6400,6400,100.00
20,1583,NAM-INDIA,EQ,1209270,607690,50.25
20,1584,NAMOEWASTE,SM,190400,104000,54.62
20,1585,NARMADA,EQ,92573,53102,57.36
20,1586,NATCOPHARM,EQ,2277316,554893,24.37
20,1587,NATHBIOGEN,EQ,26039,15981,61.37
20,1588,NATIONALUM,EQ,17481388,5803114,33.20
20,1589,NAUKRI,EQ,162887,50367,30.92
20,1590,NAVA,EQ,139277,67121,48.19
20,1591,NAVINFLUOR,EQ,60245,13785,22.88
20,1592,NAVINIFTY,EQ,2711,1986,73.26
20,1593,NAVKARCORP,EQ,336291,113114,33.64
20,1594,NAVNETEDUL,EQ,94694,60876,64.29
20,1595,NAZARA,EQ,1147104,782601,68.22
20,1596,NBCC,EQ,5050522,1674277,33.15
20,1597,NBIFIN,EQ,1154,774,67.07
20,1598,NCC,EQ,2713526,1184091,43.64
20,1599,NCLIND,EQ,63126,32306,51.18
20,1600,NDLVENTURE,EQ,24226,14986,61.86
20,1601,NDRAUTO,EQ,18454,10395,56.33
20,1602,NDTV,EQ,55785,27141,48.65
20,1603,NECCLTD,EQ,399152,184452,46.21
20,1604,NELCAST,EQ,41590,22915,55.10
20,1605,NELCO,EQ,72239,32312,44.73
20,1606,NEOGEN,EQ,28672,8750,30.52
20,1607,NEPHROCARE,ST,800,800,100.00
20,1608,NESCO,EQ,116182,69910,60.17
20,1609,NESTLEIND,EQ,1105339,727810,65.84
20,1610,NETF,EQ,3287,2321,70.61
20,1611,NETWEB,EQ,225723,78172,34.63
20,1612,NETWORK18,EQ,1486057,499982,33.64
20,1613,NEULANDLAB,EQ,185849,87025,46.83
20,1614,NEWGEN,EQ,243258,142710,58.67
20,1615,NEWJAISA,SM,27000,18000,66.67
20,1616,NEXT50,EQ,20616,18913,91.74
20,1617,NEXT50IETF,EQ,555634,473258,85.17
20,1618,NFL,EQ,2268255,410810,18.11
20,1619,NGIL,EQ,18960,11697,61.69
20,1620,NGLFINE,EQ,1637,1084,66.22
20,1621,NH,EQ,291351,146787,50.38
20,1622,NHPC,EQ,10807995,4849263,44.87
20,1623,NIACL,EQ,678846,255110,37.58
20,1624,NIDAN,SM,5000,4000,80.00
20,1625,NIF100BEES,EQ,30470,20298,66.62
20,1626,NIF100IETF,EQ,217493,127466,58.61
20,1627,NIF10GETF,EQ,2376,1316,55.39
20,1628,NIF5GETF,EQ,7803,7803,100.00
20,1629,NIFITETF,EQ,1502,1422,94.67
20,1630,NIFMID150,EQ,1499,1145,76.38
20,1631,NIFTY1,EQ,60210,44005,73.09
20,1632,NIFTY50ADD,EQ,8291,7757,93.56
20,1633,NIFTYBEES,EQ,5341383,4424835,82.84
20,1634,NIFTYBETF,EQ,2410,1971,81.78
20,1635,NIFTYETF,EQ,644918,634968,98.46
20,1636,NIFTYIETF,EQ,356013,270769,76.06
20,1637,NIFTYQLITY,EQ,171222,155347,90.73
20,1638,NIITLTD,EQ,2843260,628663,22.11
20,1639,NIITMTS,EQ,32000,19193,59.98
20,1640,NILAINFRA,EQ,327284,183780,56.15
20,1641,NILKAMAL,EQ,2709,1940,71.61
20,1642,NINSYS,EQ,14204,6044,42.55
20,1643,NIPPOBATRY,EQ,5107,3449,67.53
20,1644,NIRMAN,ST,31200,28800,92.31
20,1645,NITINSPIN,EQ,81336,32584,40.06
20,1646,NITIRAJ,EQ,10504,5774,54.97
20,1647,NKIND,EQ,85,40,47.06
20,1648,NLCINDIA,EQ,841397,339593,40.36
20,1649,NMDC,EQ,31593557,10299415,32.60
20,1650,NOCIL,EQ,243984,121352,49.74
20,1651,NOIDATOLL,EQ,116787,104163,89.19
20,1652,NORTHARC,EQ,223427,106761,47.78
20,1653,NPBET,EQ,237,225,94.94
20,1654,NPST,SM,16700,11400,68.26
20,1655,NRAIL,EQ,17812,12045,67.62
20,1656,NRBBEARING,EQ,168575,69249,41.08
20,1657,NSIL,EQ,103224,55584,53.85
20,1658,NSLNISP,EQ,2173034,747895,34.42
20,1659,NTPC,EQ,10549517,6128792,58.10
20,1660,NUCLEUS,EQ,55635,14009,25.18
20,1661,NURECA,EQ,12913,8228,63.72
20,1662,NUVAMA,EQ,76411,37541,49.13
20,1663,NUVOCO,EQ,38516,17777,46.15
20,1664,NV20,EQ,9658,7169,74.23
20,1665,NV20BEES,EQ,15186,12381,81.53
20,1666,NV20IETF,EQ,498555,231283,46.39
20,1667,NXST,RR,71218,47830,67.16
20,1668,NYKAA,EQ,6011460,2259262,37.58
20,1669,OAL,EQ,120234,41636,34.63
20,1670,OBCL,EQ,12669,8050,63.54
20,1671,OBEROIRLTY,EQ,1372529,796284,58.02
20,1672,OBSCP,ST,211200,211200,100.00
20,1673,OCCL,EQ,49804,25222,50.64
20,1674,OFSS,EQ,150298,70462,46.88
20,1675,OIL,EQ,1152726,470222,40.79
20,1676,OILIETF,EQ,3295256,2150957,65.27
20,1677,OLAELEC,EQ,36932621,8878881,24.04
20,1678,OLECTRA,EQ,596330,255030,42.77
20,1679,OLIL,SM,3600,2400,66.67
20,1680,OMAXAUTO,EQ,15393,11540,74.97
20,1681,OMAXE,EQ,65245,48925,74.99
20,1682,OMFURN,SM,7200,7200,100.00
20,1683,OMINFRAL,EQ,334682,178092,53.21
20,1684,ONDOOR,SM,600,600,100.00
20,1685,ONELIFECAP,EQ,258907,123778,47.81
20,1686,ONEPOINT,EQ,725033,499664,68.92
20,1687,ONGC,EQ,22445400,9494602,42.30
20,1688,ONMOBILE,EQ,1530925,383127,25.03
20,1689,ONWARDTEC,EQ,35646,24738,69.40
20,1690,ORBTEXP,EQ,9723,6410,65.93
20,1691,ORCHPHARMA,EQ,111235,47012,42.26
20,1692,ORIANA,SM,80850,54975,68.00
20,1693,ORICONENT,EQ,170260,91865,53.96
20,1694,ORIENTBELL,EQ,40288,24178,60.01
20,1695,ORIENTCEM,EQ,949156,678322,71.47
20,1696,ORIENTCER,EQ,103322,35488,34.35
20,1697,ORIENTELEC,EQ,105914,43431,41.01
20,1698,ORIENTHOT,EQ,223811,98853,44.17
20,1699,ORIENTLTD,EQ,26703,12253,45.89
20,1700,ORIENTPPR,EQ,676402,301282,44.54
20,1701,ORIENTTECH,EQ,4725428,997309,21.11
20,1702,ORISSAMINE,EQ,8331,4137,49.66
20,1703,ORTINGLOBE,EQ,38775,32123,82.84
20,1704,OSELDEVICE,SM,40000,28800,72.00
20,1705,OSWALGREEN,EQ,755918,303306,40.12
20,1706,OWAIS,SM,19600,14500,73.98
20,1707,PAGEIND,EQ,30704,15153,49.35
20,1708,PAISALO,EQ,1338710,681889,50.94
20,1709,PAKKA,EQ,182296,60820,33.36
20,1710,PALASHSECU,EQ,31652,16253,51.35
20,1711,PANAMAPET,EQ,172446,78042,45.26
20,1712,PANSARI,EQ,4123,3399,82.44
20,1713,PAR,EQ,90059,56252,62.46
20,1714,PARACABLES,EQ,1181438,575185,48.69
20,1715,PARADEEP,EQ,6534547,1810742,27.71
20,1716,PARAGMILK,EQ,2974780,887094,29.82
20,1717,PARAGON,SM,18000,14400,80.00
20,1718,PARAMATRIX,SM,3600,3600,100.00
20,1719,PARAMOUNT,SM,4800,3600,75.00
20,1720,PARAS,EQ,64258,38603,60.08
20,1721,PARIN,ST,2500,2500,100.00
20,1722,PARKHOTELS,EQ,536300,426361,79.50
20,1723,PARTYCRUS,SM,7000,6000,85.71
20,1724,PASHUPATI,ST,2800,2800,100.00
20,1725,PATANJALI,EQ,273053,176775,64.74
20,1726,PATELENG,EQ,2079220,1068320,51.38
20,1727,PATINTLOG,EQ,390354,194913,49.93
20,1728,PATTECH,ST,1500,1500,100.00
20,1729,PAYTM,EQ,5713703,1478764,25.88
20,1730,PCBL,EQ,1316916,628580,47.73
20,1731,PCCL,SM,12400,10400,83.87
20,1732,PDMJEPAPER,EQ,759714,336207,44.25
20,1733,PDSL,EQ,94292,43375,46.00
20,1734,PEARLPOLY,EQ,45204,17699,39.15
20,1735,PEL,EQ,447763,158836,35.47
20,1736,PELATRO,SM,32400,24600,75.93
20,1737,PENIND,EQ,717880,311724,43.42
20,1738,PENINLAND,EQ,660514,202037,30.59
20,1739,PENTAGON,SM,13000,8000,61.54
20,1740,PERSISTENT,EQ,250857,127793,50.94
20,1741,PETRONET,EQ,1706554,817733,47.92
20,1742,PFC,EQ,12030749,4438841,36.90
20,1743,PFIZER,EQ,16852,6815,40.44
20,1744,PFOCUS,EQ,43768,28202,64.44
20,1745,PFS,EQ,443868,287318,64.73
20,1746,PGEL,EQ,1706788,602907,35.32
20,1747,PGHH,EQ,40582,30520,75.21
20,1748,PGHL,EQ,7048,3212,45.57
20,1749,PGIL,EQ,101965,69862,68.52
20,1750,PGINVIT,IV,765693,665540,86.92
20,1751,PHANTOMFX,SM,13500,9900,73.33
20,1752,PHARMABEES,EQ,2973486,1923403,64.69
20,1753,PHOENIXLTD,EQ,448658,191037,42.58
20,1754,PHOGLOBAL,ST,88000,86000,97.73
20,1755,PIDILITIND,EQ,201463,84654,42.02
20,1756,PIIND,EQ,247900,146914,59.26
20,1757,PILITA,EQ,155777,88382,56.74
20,1758,PIONEEREMB,EQ,49542,19722,39.81
20,1759,PITTIENG,EQ,35408,21496,60.71
20,1760,PIXTRANS,EQ,776950,170965,22.00
20,1761,PKTEA,EQ,2402,1716,71.44
20,1762,PLADAINFO,SM,15000,9000,60.00
20,1763,PLATIND,EQ,210454,96225,45.72
20,1764,PLAZACABLE,EQ,21263,15560,73.18
20,1765,PNB,EQ,26013763,8066732,31.01
20,1766,PNBGILTS,EQ,3585909,745775,20.80
20,1767,PNBHOUSING,EQ,596629,211290,35.41
20,1768,PNC,EQ,299157,126282,42.21
20,1769,PNCINFRA,EQ,260531,108606,41.69
20,1770,PNGJL,EQ,194413,114989,59.15
20,1771,POCL,EQ,65571,35560,54.23
20,1772,PODDARMENT,EQ,2595,1924,74.14
20,1773,POKARNA,EQ,649589,159858,24.61
20,1774,POLICYBZR,EQ,478459,215370,45.01
20,1775,POLYCAB,EQ,199839,89786,44.93
20,1776,POLYMED,EQ,98668,51472,52.17
20,1777,POLYPLEX,EQ,377533,203754,53.97
20,1778,POLYSIL,SM,2000,2000,100.00
20,1779,PONNIERODE,EQ,21154,14326,67.72
20,1780,POONAWALLA,EQ,1248305,604620,48.44
20,1781,POSITRON,ST,5700,5400,94.74
20,1782,POWERGRID,EQ,12069181,8431830,69.86
20,1783,POWERINDIA,EQ,111696,64746,57.97
20,1784,POWERMECH,EQ,71733,30589,42.64
20,1785,PPAP,EQ,664289,212690,32.02
20,1786,PPL,EQ,92587,52376,56.57
20,1787,PPLPHARMA,EQ,9251904,4149506,44.85
20,1788,PPSL,SM,405000,330000,81.48
20,1789,PRAJIND,EQ,424127,244548,57.66
20,1790,PRAKASH,EQ,990560,499302,50.41
20,1791,PRAKASHSTL,EQ,229812,143861,62.60
20,1792,PRAMARA,SM,33000,25000,75.76
20,1793,PRANIK,SM,502400,323200,64.33
20,1794,PRATHAM,ST,19600,16800,85.71
20,1795,PRECAM,EQ,272727,81544,29.90
20,1796,PRECISION,SM,20000,16000,80.00
20,1797,PRECOT,EQ,16588,10356,62.43
20,1798,PRECWIRE,EQ,418908,156013,37.24
20,1799,PREMEXPLN,EQ,222940,142970,64.13
20,1800,PREMIERENE,EQ,3596126,864919,24.05
20,1801,PREMIUM,SM,57000,39000,68.42
20,1802,PRESSTONIC,SM,36800,26400,71.74
20,1803,PRESTIGE,EQ,403123,220782,54.77
20,1804,PRICOLLTD,EQ,110181,49937,45.32
20,1805,PRIMESECU,EQ,227025,84641,37.28
20,1806,PRINCEPIPE,EQ,145927,78817,54.01
20,1807,PRITI,EQ,154033,63075,40.95
20,1808,PRITIKA,ST,42000,39000,92.86
20,1809,PRITIKAUTO,EQ,260751,150408,57.68
20,1810,PRIVISCL,EQ,37216,18201,48.91
20,1811,PRIZOR,ST,5600,5600,100.00
20,1812,PRLIND,SM,398000,256000,64.32
20,1813,PROLIFE,SM,9500,8000,84.21
20,1814,PROPEQUITY,SM,1800,1800,100.00
20,1815,PROV,SM,80,80,100.00
20,1816,PROZONER,EQ,106056,58759,55.40
20,1817,PRSMJOHNSN,EQ,908033,313600,34.54
20,1818,PRUDENT,EQ,106641,67379,63.18
20,1819,PSB,EQ,523586,185731,35.47
20,1820,PSFL,SM,46000,32000,69.57
20,1821,PSPPROJECT,EQ,122753,88180,71.84
20,1822,PSUBANK,EQ,19533,12708,65.06
20,1823,PSUBANKADD,EQ,24980,20412,81.71
20,1824,PSUBNKBEES,EQ,1610342,932291,57.89
20,1825,PSUBNKIETF,EQ,95007,48119,50.65
20,1826,PTC,EQ,1171857,645060,55.05
20,1827,PTCIL,EQ,14358,8731,60.81
20,1828,PTL,EQ,32230,19403,60.20
20,1829,PULZ,ST,6000,6000,100.00
20,1830,PUNJABCHEM,EQ,3373,1785,52.92
20,1831,PURVA,EQ,82785,40246,48.62
20,1832,PURVFLEXI,SM,12000,9600,80.00
20,1833,PVRINOX,EQ,338471,150158,44.36
20,1834,PVSL,EQ,50818,29130,57.32
20,1835,PVTBANIETF,EQ,1781421,1378326,77.37
20,1836,PVTBANKADD,EQ,71058,50100,70.51
20,1837,PYRAMID,EQ,666751,126536,18.98
20,1838,QFIL,SM,10000,10000,100.00
20,1839,QGOLDHALF,EQ,99730,90563,90.81
20,1840,QMSMEDI,SM,3000,3000,100.00
20,1841,QNIFTY,EQ,466,349,74.89
20,1842,QUADPRO,SM,12000,12000,100.00
20,1843,QUAL30IETF,EQ,219044,130408,59.54
20,1844,QUESS,EQ,152484,75059,49.22
20,1845,QUESTLAB,SM,31200,26400,84.62
20,1846,QUICKHEAL,EQ,109032,40628,37.26
20,1847,QUICKTOUCH,SM,10000,5500,55.00
20,1848,QVCEL,ST,11200,11200,100.00
20,1849,RACE,EQ,51100,24428,47.80
20,1850,RADIANTCMS,EQ,96110,63973,66.56
20,1851,RADICO,EQ,91735,43569,47.49
20,1852,RADIOCITY,EQ,111910,78047,69.74
20,1853,RADIOCITY,P1,1470,1470,100.00
20,1854,RADIOWALLA,SM,11200,11200,100.00
20,1855,RAILTEL,EQ,1066766,290918,27.27
20,1856,RAIN,EQ,611091,241872,39.58
20,1857,RAINBOW,EQ,641037,299764,46.76
20,1858,RAJESHEXPO,EQ,344215,154483,44.88
20,1859,RAJINDLTD,SM,124500,109500,87.95
20,1860,RAJMET,EQ,394383,250178,63.44
20,1861,RAJRATAN,EQ,13652,8031,58.83
20,1862,RAJSREESUG,EQ,27349,14206,51.94
20,1863,RALLIS,EQ,484382,177678,36.68
20,1864,RAMANEWS,EQ,37599,20265,53.90
20,1865,RAMAPHO,EQ,41615,22950,55.15
20,1866,RAMASTEEL,EQ,12964827,3201308,24.69
20,1867,RAMCOCEM,EQ,5320024,1023490,19.24
20,1868,RAMCOIND,EQ,1547749,585000,37.80
20,1869,RAMCOSYS,EQ,75934,26359,34.71
20,1870,RAMKY,EQ,66213,40066,60.51
20,1871,RAMRAT,EQ,17771,14955,84.15
20,1872,RANASUG,EQ,215401,141780,65.82
20,1873,RANEHOLDIN,EQ,6734,3306,49.09
20,1874,RAPPID,SM,1800,1800,100.00
20,1875,RATEGAIN,EQ,2369264,1084498,45.77
20,1876,RATNAMANI,EQ,14068,8488,60.34
20,1877,RAYMOND,EQ,142678,53295,37.35
20,1878,RAYMONDLSL,EQ,45257,21556,47.63
20,1879,RBA,EQ,763243,435580,57.07
20,1880,RBLBANK,EQ,5007274,1508484,30.13
20,1881,RBMINFRA,ST,11200,9600,85.71
20,1882,RBS,SM,54400,41600,76.47
20,1883,RCDL,SM,30000,30000,100.00
20,1884,RCF,EQ,972579,231668,23.82
20,1885,RECLTD,EQ,6039729,1875791,31.06
20,1886,REDINGTON,EQ,1195825,565498,47.29
20,1887,REDTAPE,EQ,152363,64396,42.26
20,1888,REFRACTORY,ST,7000,7000,100.00
20,1889,RELAXO,EQ,233112,107721,46.21
20,1890,RELCHEMQ,EQ,24156,7099,29.39
20,1891,RELIABLE,EQ,12099,11615,96.00
20,1892,RELIANCE,EQ,10671091,5661871,53.06
20,1893,RELIGARE,EQ,575974,313108,54.36
20,1894,REMSONSIND,EQ,54874,19299,35.17
20,1895,REMUS,SM,1750,1250,71.43
20,1896,RENUKA,EQ,6447215,1788950,27.75
20,1897,REPCOHOME,EQ,56645,29466,52.02
20,1898,REPL,EQ,7513,4541,60.44
20,1899,REPRO,EQ,199060,30995,15.57
20,1900,RESPONIND,EQ,701741,51682,7.36
20,1901,RGL,EQ,819320,457548,55.84
20,1902,RHIM,EQ,138537,82829,59.79
20,1903,RHL,EQ,13017,7366,56.59
20,1904,RICHA,SM,7000,7000,100.00
20,1905,RICOAUTO,EQ,428693,219724,51.25
20,1906,RIIL,EQ,97557,18515,18.98
20,1907,RILINFRA,ST,2600,2600,100.00
20,1908,RISHABH,EQ,19632,10101,51.45
20,1909,RITCO,EQ,147109,76446,51.97
20,1910,RITES,EQ,898291,337663,37.59
20,1911,RITEZONE,SM,4800,3200,66.67
20,1912,RKEC,EQ,35714,15235,42.66
20,1913,RKFORGE,EQ,100856,43716,43.34
20,1914,RKSWAMY,EQ,30534,19508,63.89
20,1915,RMDRIP,ST,3000,2500,83.33
20,1916,RML,EQ,11721,6058,51.69
20,1917,RNFI,SM,31200,26400,84.62
20,1918,ROCKINGDCE,SM,4750,1000,21.05
20,1919,ROHLTD,EQ,25286,11781,46.59
20,1920,ROLEXRINGS,EQ,11755,7279,61.92
20,1921,ROML,EQ,3339,2052,61.46
20,1922,ROSSARI,EQ,78793,21536,27.33
20,1923,ROTO,EQ,142925,67371,47.14
20,1924,ROUTE,EQ,48004,21301,44.37
20,1925,ROXHITECH,SM,40000,28800,72.00
20,1926,RPEL,EQ,100026,36807,36.80
20,1927,RPGLIFE,EQ,20051,7943,39.61
20,1928,RPPL,EQ,84524,50847,60.16
20,1929,RPSGVENT,EQ,57275,31818,55.55
20,1930,RPTECH,EQ,116073,73365,63.21
20,1931,RRKABEL,EQ,40017,16473,41.17
20,1932,RSWM,EQ,50163,29485,58.78
20,1933,RSYSTEMS,EQ,197211,124614,63.19
20,1934,RTNINDIA,EQ,8276712,1012971,12.24
20,1935,RTNPOWER,EQ,11775945,6120944,51.98
20,1936,RUBFILA,EQ,34202,22330,65.29
20,1937,RUBYMILLS,EQ,4916,2776,56.47
20,1938,RUCHIRA,EQ,95178,64049,67.29
20,1939,RULKA,SM,45600,36300,79.61
20,1940,RUPA,EQ,91655,55995,61.09
20,1941,RUSHIL,EQ,352522,203307,57.67
20,1942,RUSTOMJEE,EQ,36067,13437,37.26
20,1943,RVHL,EQ,41680,11926,28.61
20,1944,RVNL,EQ,3668960,926066,25.24
20,1945,SAAKSHI,SM,13200,12000,90.91
20,1946,SABAR,SM,10000,10000,100.00
20,1947,SADBHAV,EQ,1786224,938523,52.54
20,1948,SADBHIN,EQ,164586,103921,63.14
20,1949,SADHAV,SM,57000,36000,63.16
20,1950,SADHNANIQ,EQ,187994,76114,40.49
20,1951,SAFARI,EQ,33425,15180,45.42
20,1952,SAGARDEEP,EQ,6457,2682,41.54
20,1953,SAGCEM,EQ,40749,22455,55.11
20,1954,SAGILITY,EQ,270448925,129749819,47.98
20,1955,SAHAJ,SM,4000,4000,100.00
20,1956,SAHAJSOLAR,ST,23800,22000,92.44
20,1957,SAHANA,SM,11250,8625,76.67
20,1958,SAHASRA,SM,484400,239200,49.38
20,1959,SAHYADRI,EQ,14319,9665,67.50
20,1960,SAIFL,SM,8800,6400,72.73
20,1961,SAIL,EQ,14476729,2367052,16.35
20,1962,SAJHOTELS,SM,14000,14000,100.00
20,1963,SAKAR,EQ,13368,9039,67.62
20,1964,SAKHTISUG,EQ,109194,51385,47.06
20,1965,SAKSOFT,EQ,124364,57309,46.08
20,1966,SALASAR,EQ,8614740,2882296,33.46
20,1967,SALONA,EQ,3038,1603,52.76
20,1968,SALSTEEL,EQ,77004,57079,74.12
20,1969,SALZERELEC,EQ,140988,52517,37.25
20,1970,SAMBHAAV,EQ,75171,37550,49.95
20,1971,SAMHI,EQ,1082017,521541,48.20
20,1972,SAMMAANCAP,EQ,2846088,1226604,43.10
20,1973,SAMPANN,EQ,110454,69980,63.36
20,1974,SANDESH,EQ,3268,1898,58.08
20,1975,SANDHAR,EQ,416734,162800,39.07
20,1976,SANDUMA,EQ,70485,28245,40.07
20,1977,SANGAMIND,EQ,9781,5803,59.33
20,1978,SANGHIIND,EQ,197642,103627,52.43
20,1979,SANGHVIMOV,EQ,200462,94242,47.01
20,1980,SANGINITA,EQ,31724,19644,61.92
20,1981,SANOFI,EQ,6203,3910,63.03
20,1982,SANOFICONR,EQ,2869,1844,64.27
20,1983,SANSERA,EQ,143856,63040,43.82
20,1984,SANSTAR,EQ,508256,286621,56.39
20,1985,SAPPHIRE,EQ,298023,163586,54.89
20,1986,SARDAEN,EQ,241095,99960,41.46
20,1987,SAREGAMA,EQ,284819,102770,36.08
20,1988,SAROJA,SM,4800,3200,66.67
20,1989,SARTELE,SM,105000,74000,70.48
20,1990,SARVESHWAR,EQ,1983890,1273914,64.21
20,1991,SASKEN,EQ,526471,113753,21.61
20,1992,SASTASUNDR,EQ,21115,10498,49.72
20,1993,SATECH,ST,129000,129000,100.00
20,1994,SATIA,EQ,130467,64156,49.17
20,1995,SATIN,EQ,427039,245149,57.41
20,1996,SATINDLTD,EQ,367766,144879,39.39
20,1997,SATIPOLY,SM,11000,8000,72.73
20,1998,SAURASHCEM,EQ,84279,54244,64.36
20,1999,SBC,EQ,2161120,851024,39.38
20,2000,SBCL,EQ,48794,21572,44.21
20,2001,SBFC,EQ,835920,339771,40.65
20,2002,SBGLP,EQ,362649,126486,34.88
20,2003,SBICARD,EQ,786130,368553,46.88
20,2004,SBIETFCON,EQ,11614,7438,64.04
20,2005,SBIETFIT,EQ,5641,4509,79.93
20,2006,SBIETFPB,EQ,6479,6126,94.55
20,2007,SBIETFQLTY,EQ,8815,5551,62.97
20,2008,SBILIFE,EQ,1177157,581050,49.36
20,2009,SBIN,EQ,11350729,4096588,36.09
20,2010,SBINEQWETF,EQ,24262,23015,94.86
20,2011,SBISILVER,EQ,103437,65263,63.09
20,2012,SCHAEFFLER,EQ,60457,34289,56.72
20,2013,SCHAND,EQ,54503,31627,58.03
20,2014,SCHNEIDER,EQ,80774,43255,53.55
20,2015,SCI,EQ,9883192,1345845,13.62
20,2016,SCILAL,EQ,769403,296420,38.53
20,2017,SCML,SM,2000,2000,100.00
20,2018,SDBL,EQ,323663,146962,45.41
20,2019,SDL26BEES,EQ,5106,4725,92.54
20,2020,SDREAMS,SM,62000,47000,75.81
20,2021,SEAMECLTD,EQ,22740,12566,55.26
20,2022,SECMARK,EQ,1317,692,52.54
20,2023,SECURKLOUD,EQ,25764,14670,56.94
20,2024,SEL,ST,1800,1800,100.00
20,2025,SELAN,EQ,21402,13881,64.86
20,2026,SENCO,EQ,143521,67099,46.75
20,2027,SENSEXADD,EQ,1347,836,62.06
20,2028,SENSEXETF,EQ,9533,8006,83.98
20,2029,SENSEXIETF,EQ,5780,3188,55.16
20,2030,SEPC,EQ,9067246,3369119,37.16
20,2031,SERVICE,SM,30000,24000,80.00
20,2032,SERVOTECH,EQ,529012,260000,49.15
20,2033,SESHAPAPER,EQ,9419,3923,41.65
20,2034,SETCO,EQ,72022,50832,70.58
20,2035,SETF10GILT,EQ,11487,10120,88.10
20,2036,SETFGOLD,EQ,1941934,1367942,70.44
20,2037,SETFNIF50,EQ,3436317,3287042,95.66
20,2038,SETFNIFBK,EQ,22830,12053,52.79
20,2039,SETFNN50,EQ,38563,35213,91.31
20,2040,SFL,EQ,28141,15047,53.47
20,2041,SFLZC25A,ZK,21,16,76.19
20,2042,SGBAPR28I,GB,253,140,55.34
20,2043,SGBAUG27,GB,31,31,100.00
20,2044,SGBAUG28V,GB,853,601,70.46
20,2045,SGBAUG29V,GB,29,29,100.00
20,2046,SGBAUG30,GB,55,43,78.18
20,2047,SGBD29VIII,GB,297,222,74.75
20,2048,SGBDC27VII,GB,3,3,100.00
20,2049,SGBDE30III,GB,150,126,84.00
20,2050,SGBDE31III,GB,1882,1586,84.27
20,2051,SGBDEC25,GB,5,5,100.00
20,2052,SGBDEC26,GB,48,48,100.00
20,2053,SGBFEB27,GB,5,5,100.00
20,2054,SGBFEB28IX,GB,28,28,100.00
20,2055,SGBFEB29XI,GB,96,90,93.75
20,2056,SGBFEB32IV,GB,1998,1484,74.27
20,2057,SGBJAN26,GB,3,3,100.00
20,2058,SGBJAN27,GB,6,6,100.00
20,2059,SGBJAN29IX,GB,168,147,87.50
20,2060,SGBJAN29X,GB,34,26,76.47
20,2061,SGBJAN30IX,GB,195,168,86.15
20,2062,SGBJU29III,GB,181,150,82.87
20,2063,SGBJUL25,GB,56,47,83.93
20,2064,SGBJUL27,GB,60,46,76.67
20,2065,SGBJUL28IV,GB,388,374,96.39
20,2066,SGBJUL29IV,GB,54,42,77.78
20,2067,SGBJUN27,GB,7,7,100.00
20,2068,SGBJUN28,GB,794,694,87.41
20,2069,SGBJUN29II,GB,315,188,59.68
20,2070,SGBJUN30,GB,117,88,75.21
20,2071,SGBJUN31I,GB,1116,675,60.48
20,2072,SGBMAR25,GB,116,89,76.72
20,2073,SGBMAR28X,GB,46,42,91.30
20,2074,SGBMAR30X,GB,89,78,87.64
20,2075,SGBMAR31IV,GB,407,306,75.18
20,2076,SGBMAY25,GB,16,16,100.00
20,2077,SGBMAY26,GB,61,56,91.80
20,2078,SGBMAY28,GB,117,91,77.78
20,2079,SGBMAY29I,GB,662,463,69.94
20,2080,SGBMR29XII,GB,147,109,74.15
20,2081,SGBN28VIII,GB,127,120,94.49
20,2082,SGBNOV24,GB,2513,1600,63.67
20,2083,SGBNOV25,GB,9,9,100.00
20,2084,SGBNOV258,GB,1,1,100.00
20,2085,SGBNOV25VI,GB,6,5,83.33
20,2086,SGBNOV26,GB,12,8,66.67
20,2087,SGBNV29VII,GB,448,425,94.87
20,2088,SGBOC28VII,GB,360,328,91.11
20,2089,SGBOCT25,GB,20,19,95.00
20,2090,SGBOCT25IV,GB,16,16,100.00
20,2091,SGBOCT25V,GB,40,40,100.00
20,2092,SGBOCT26,GB,11,8,72.73
20,2093,SGBOCT27,GB,40,30,75.00
20,2094,SGBSEP27,GB,62,36,58.06
20,2095,SGBSEP28VI,GB,178,130,73.03
20,2096,SGBSEP29VI,GB,419,283,67.54
20,2097,SGBSEP31II,GB,1206,872,72.31
20,2098,SGIL,EQ,83380,39943,47.90
20,2099,SHAILY,EQ,67968,34742,51.12
20,2100,SHALBY,EQ,124416,69539,55.89
20,2101,SHALPAINTS,EQ,134577,97364,72.35
20,2102,SHANKARA,EQ,273567,149858,54.78
20,2103,SHANTHALA,SM,12000,7200,60.00
20,2104,SHANTI,EQ,11306,8662,76.61
20,2105,SHANTIGEAR,EQ,26389,12372,46.88
20,2106,SHARDACROP,EQ,589845,163653,27.75
20,2107,SHARDAMOTR,EQ,15692,8249,52.57
20,2108,SHAREINDIA,EQ,221786,111435,50.24
20,2109,SHARIABEES,EQ,4944,4232,85.60
20,2110,SHEETAL,SM,10000,6000,60.00
20,2111,SHEMAROO,EQ,83694,23409,27.97
20,2112,SHERA,SM,33000,20000,60.61
20,2113,SHIGAN,SM,7500,7500,100.00
20,2114,SHILPAMED,EQ,341680,134302,39.31
20,2115,SHIVALIK,EQ,6039,3230,53.49
20,2116,SHIVAMILLS,EQ,28880,16644,57.63
20,2117,SHIVATEX,EQ,55045,24418,44.36
20,2118,SHK,EQ,155442,77028,49.55
20,2119,SHOPERSTOP,EQ,74340,34491,46.40
20,2120,SHREDIGCEM,EQ,167853,89084,53.07
20,2121,SHREECEM,EQ,84516,18655,22.07
20,2122,SHREEKARNI,SM,3300,2850,86.36
20,2123,SHREEOSFM,SM,80000,38000,47.50
20,2124,SHREERAMA,EQ,233103,157510,67.57
20,2125,SHREYANIND,EQ,20260,11973,59.10
20,2126,SHRIPISTON,EQ,74955,34267,45.72
20,2127,SHRIRAMFIN,EQ,1086132,503368,46.35
20,2128,SHRIRAMPPS,EQ,717805,301209,41.96
20,2129,SHRITECH,SM,2000,2000,100.00
20,2130,SHUBHSHREE,ST,32400,31200,96.30
20,2131,SHYAMCENT,EQ,186742,125433,67.17
20,2132,SHYAMMETL,EQ,419757,213251,50.80
20,2133,SIDDHIKA,SM,21000,17000,80.95
20,2134,SIEMENS,EQ,223437,107469,48.10
20,2135,SIGACHI,EQ,1084531,544706,50.23
20,2136,SIGIND,EQ,18661,11500,61.63
20,2137,SIGMA,EQ,3331,2440,73.25
20,2138,SIGNATURE,EQ,541693,134898,24.90
20,2139,SIGNORIA,SM,5000,3000,60.00
20,2140,SIGNPOST,EQ,19224,10232,53.23
20,2141,SIKKO,EQ,30986,17098,55.18
20,2142,SIL,EQ,35438,22720,64.11
20,2143,SILGO,EQ,68596,41384,60.33
20,2144,SILKFLEX,ST,30000,28000,93.33
20,2145,SILLYMONKS,EQ,8785,6531,74.34
20,2146,SILVER,EQ,570216,328215,57.56
20,2147,SILVER1,EQ,233263,187645,80.44
20,2148,SILVERADD,EQ,47985,43260,90.15
20,2149,SILVERBEES,EQ,16343242,11854123,72.53
20,2150,SILVERETF,EQ,427293,304572,71.28
20,2151,SILVERIETF,EQ,3250569,2977070,91.59
20,2152,SILVERTUC,EQ,15001,3856,25.70
20,2153,SILVRETF,EQ,35573,32740,92.04
20,2154,SINCLAIR,EQ,14991,12700,84.72
20,2155,SINDHUTRAD,EQ,229759,103165,44.90
20,2156,SINTERCOM,EQ,43088,39932,92.68
20,2157,SIRCA,EQ,117098,47208,40.31
20,2158,SIS,EQ,22503,14244,63.30
20,2159,SIYSIL,EQ,259667,89145,34.33
20,2160,SJLOGISTIC,ST,48250,45250,93.78
20,2161,SJS,EQ,95649,36967,38.65
20,2162,SJVN,EQ,4305092,1141378,26.51
20,2163,SKFINDIA,EQ,15847,7081,44.68
20,2164,SKIPPER,EQ,451660,136535,30.23
20,2165,SKMEGGPROD,EQ,31601,13773,43.58
20,2166,SKP,SM,15500,11000,70.97
20,2167,SLONE,SM,6400,6400,100.00
20,2168,SMALLCAP,EQ,778648,547314,70.29
20,2169,SMCGLOBAL,EQ,163047,110273,67.63
20,2170,SMLISUZU,EQ,7477,4002,53.52
20,2171,SMLT,EQ,42690,18904,44.28
20,2172,SMSPHARMA,EQ,217519,135267,62.19
20,2173,SNOWMAN,EQ,616287,174327,28.29
20,2174,SOBHA,EQ,97003,26437,27.25
20,2175,SOBHAPP,E1,1175,1132,96.34
20,2176,SOFTTECH,EQ,7654,4953,64.71
20,2177,SOLARA,EQ,92074,69282,75.25
20,2178,SOLARAPP,E1,2432,2095,86.14
20,2179,SOLARINDS,EQ,30955,15789,51.01
20,2180,SOLEX,SM,69625,46375,66.61
20,2181,SOMANYCERA,EQ,26880,21189,78.83
20,2182,SOMATEX,EQ,145666,56643,38.89
20,2183,SONACOMS,EQ,892443,553064,61.97
20,2184,SONAMAC,SM,17000,16000,94.12
20,2185,SONATSOFTW,EQ,985547,544234,55.22
20,2186,SOTAC,SM,2400,2400,100.00
20,2187,SOTL,EQ,51763,30882,59.66
20,2188,SOUTHBANK,EQ,6370436,3125227,49.06
20,2189,SOUTHWEST,EQ,35466,23134,65.23
20,2190,SPAL,EQ,25051,13283,53.02
20,2191,SPANDANA,EQ,211412,92471,43.74
20,2192,SPARC,EQ,366514,167242,45.63
20,2193,SPCENET,EQ,2838754,2015161,70.99
20,2194,SPCL,SM,195600,142200,72.70
20,2195,SPECIALITY,EQ,13228,7799,58.96
20,2196,SPECTRUM,SM,6625,6000,90.57
20,2197,SPECTSTM,ST,77600,74400,95.88
20,2198,SPENCERS,EQ,107627,43044,39.99
20,2199,SPIC,EQ,341009,114298,33.52
20,2200,SPLIL,EQ,66834,41992,62.83
20,2201,SPLPETRO,EQ,56425,32796,58.12
20,2202,SPORTKING,EQ,94030,53224,56.60
20,2203,SPPPOLY,SM,28000,10000,35.71
20,2204,SPRL,ST,1600,1600,100.00
20,2205,SREEL,EQ,14170,8809,62.17
20,2206,SRF,EQ,222545,68149,30.62
20,2207,SRGHFL,EQ,820,534,65.12
20,2208,SRHHYPOLTD,EQ,28422,13074,46.00
20,2209,SRIVASAVI,SM,26000,23000,88.46
20,2210,SSDL,EQ,72254,40662,56.28
20,2211,SSEGL,ST,180600,171800,95.13
20,2212,SSFL,ST,94500,86000,91.01
20,2213,SSWL,EQ,117343,47434,40.42
20,2214,STANLEY,EQ,50371,26540,52.69
20,2215,STAR,EQ,200284,115742,57.79
20,2216,STARCEMENT,EQ,453108,192361,42.45
20,2217,STARHEALTH,EQ,1169132,751262,64.26
20,2218,STARPAPER,EQ,5541,3672,66.27
20,2219,STARTECK,EQ,4328,1529,35.33
20,2220,STCINDIA,EQ,2154890,185826,8.62
20,2221,STEELCAS,EQ,14920,8785,58.88
20,2222,STEELCITY,EQ,71944,29258,40.67
20,2223,STEELXIND,EQ,1135453,672095,59.19
20,2224,STERTOOLS,EQ,117049,53103,45.37
20,2225,STLTECH,EQ,1411958,467033,33.08
20,2226,STOVEKRAFT,EQ,94891,48409,51.02
20,2227,STYLAMIND,EQ,38273,22618,59.10
20,2228,STYLEBAAZA,EQ,112175,43099,38.42
20,2229,STYRENIX,EQ,26410,14272,54.04
20,2230,SUBEXLTD,EQ,3718668,1159153,31.17
20,2231,SUBROS,EQ,30112,9904,32.89
20,2232,SUDARSCHEM,EQ,216610,116207,53.65
20,2233,SUKHJITS,EQ,17548,7509,42.79
20,2234,SULA,EQ,160037,81197,50.74
20,2235,SUMICHEM,EQ,346257,138891,40.11
20,2236,SUMMITSEC,EQ,108011,20475,18.96
20,2237,SUNCLAY,EQ,16708,8619,51.59
20,2238,SUNDARAM,EQ,619314,413591,66.78
20,2239,SUNDARMFIN,EQ,46646,14467,31.01
20,2240,SUNDARMHLD,EQ,78900,35097,44.48
20,2241,SUNDRMFAST,EQ,37153,16130,43.42
20,2242,SUNFLAG,EQ,131094,57520,43.88
20,2243,SUNLITE,SM,4800,4800,100.00
20,2244,SUNPHARMA,EQ,2471888,1696747,68.64
20,2245,SUNTECK,EQ,138101,68165,49.36
20,2246,SUNTV,EQ,220524,93728,42.50
20,2247,SUPERHOUSE,EQ,3982,3027,76.02
20,2248,SUPRAJIT,EQ,161677,83277,51.51
20,2249,SUPREMEIND,EQ,171018,97898,57.24
20,2250,SUPREMEPWR,ST,45500,41000,90.11
20,2251,SUPRIYA,EQ,300423,107732,35.86
20,2252,SURAJEST,EQ,67409,47382,70.29
20,2253,SURANAT&P,EQ,54095,33955,62.77
20,2254,SURANI,SM,9000,6000,66.67
20,2255,SURYALAXMI,EQ,21442,8628,40.24
20,2256,SURYAROSNI,EQ,120178,40442,33.65
20,2257,SURYODAY,EQ,313797,144949,46.19
20,2258,SUTLEJTEX,EQ,59798,22874,38.25
20,2259,SUVEN,EQ,183038,125198,68.40
20,2260,SUVENPHAR,EQ,117654,58615,49.82
20,2261,SUVIDHAA,EQ,104180,52407,50.30
20,2262,SUYOG,EQ,58900,28024,47.58
20,2263,SUZLON,EQ,67563924,27424623,40.59
20,2264,SVPGLOB,EQ,71331,48827,68.45
20,2265,SWANENERGY,EQ,4733745,843046,17.81
20,2266,SWARAJ,ST,2500,2500,100.00
20,2267,SWARAJENG,EQ,8953,4705,52.55
20,2268,SWASTIK,SM,8400,6000,71.43
20,2269,SWELECTES,EQ,40349,13513,33.49
20,2270,SWSOLAR,EQ,1985520,1313551,66.16
20,2271,SYMPHONY,EQ,72943,29151,39.96
20,2272,SYNCOMF,EQ,6690976,3050432,45.59
20,2273,SYNGENE,EQ,504706,286230,56.71
20,2274,SYNOPTICS,SM,3000,2400,80.00
20,2275,SYRMA,EQ,978958,586450,59.91
20,2276,SYSTANGO,SM,16000,12400,77.50
20,2277,TAC,ST,9800,9800,100.00
20,2278,TAINWALCHM,EQ,38150,13006,34.09
20,2279,TAJGVK,EQ,212963,101149,47.50
20,2280,TAKE,EQ,98917,59537,60.19
20,2281,TALBROAUTO,EQ,45583,25430,55.79
20,2282,TANLA,EQ,333434,242137,72.62
20,2283,TAPIFRUIT,SM,6750,6750,100.00
20,2284,TARACHAND,EQ,60449,45115,74.63
20,2285,TARC,EQ,360388,194756,54.04
20,2286,TARMAT,EQ,31596,11077,35.06
20,2287,TARSONS,EQ,39131,24136,61.68
20,2288,TASTYBITE,EQ,2823,1348,47.75
20,2289,TATACHEM,EQ,673271,195996,29.11
20,2290,TATACOMM,EQ,149047,60806,40.80
20,2291,TATACONSUM,EQ,968082,573292,59.22
20,2292,TATAELXSI,EQ,387058,114221,29.51
20,2293,TATAGOLD,EQ,7596038,5884858,77.47
20,2294,TATAINVEST,EQ,51190,17048,33.30
20,2295,TATAMOTORS,EQ,16526921,7532279,45.58
20,2296,TATAPOWER,EQ,11039936,4132922,37.44
20,2297,TATASTEEL,EQ,28861672,8214920,28.46
20,2298,TATATECH,EQ,471171,272870,57.91
20,2299,TATSILV,EQ,2752398,2311772,83.99
20,2300,TATVA,EQ,13516,7073,52.33
20,2301,TBI,ST,5400,5400,100.00
20,2302,TBOTEK,EQ,52790,24048,45.55
20,2303,TBZ,EQ,170180,78617,46.20
20,2304,TCI,EQ,28351,12560,44.30
20,2305,TCIEXP,EQ,75381,44406,58.91
20,2306,TCL,SM,24800,19200,77.42
20,2307,TCPLPACK,EQ,14317,6249,43.65
20,2308,TCS,EQ,1587640,1106602,69.70
20,2309,TDPOWERSYS,EQ,547643,224277,40.95
20,2310,TEAMLEASE,EQ,22291,10416,46.73
20,2311,TECH,EQ,12838,12458,97.04
20,2312,TECHERA,SM,11200,11200,100.00
20,2313,TECHLABS,SM,103250,65375,63.32
20,2314,TECHM,EQ,1414446,876179,61.95
20,2315,TECHNOE,EQ,133503,96839,72.54
20,2316,TEGA,EQ,60111,26640,44.32
20,2317,TEJASNET,EQ,1352541,480472,35.52
20,2318,TERASOFT,EQ,453273,289062,63.77
20,2319,TEXINFRA,EQ,1102262,472755,42.89
20,2320,TEXMOPIPES,EQ,24591,17489,71.12
20,2321,TEXRAIL,EQ,1413297,517215,36.60
20,2322,TFCILTD,EQ,194320,128116,65.93
20,2323,TGBHOTELS,EQ,54528,37879,69.47
20,2324,TGL,ST,14600,14600,100.00
20,2325,THANGAMAYL,EQ,89997,64083,71.21
20,2326,THEINVEST,EQ,37987,25533,67.22
20,2327,THEJO,EQ,4590,2592,56.47
20,2328,THEMISMED,EQ,71710,39178,54.63
20,2329,THERMAX,EQ,71629,17267,24.11
20,2330,THESL,SM,9000,9000,100.00
20,2331,THOMASCOOK,EQ,566833,301076,53.12
20,2332,THOMASCOTT,EQ,18836,15737,83.55
20,2333,THYROCARE,EQ,118560,59348,50.06
20,2334,TI,EQ,987032,265679,26.92
20,2335,TIIL,EQ,22639,12978,57.33
20,2336,TIINDIA,EQ,132038,55114,41.74
20,2337,TIMESCAN,SM,4000,4000,100.00
20,2338,TIMESGTY,EQ,16763,4356,25.99
20,2339,TIMETECHNO,EQ,2196464,695199,31.65
20,2340,TIMKEN,EQ,46153,29858,64.69
20,2341,TIPSFILMS,EQ,3218,1402,43.57
20,2342,TIPSMUSIC,EQ,189974,82851,43.61
20,2343,TIRUMALCHM,EQ,331476,114539,34.55
20,2344,TIRUPATI,SM,2250,2250,100.00
20,2345,TITAGARH,EQ,629733,187447,29.77
20,2346,TITAN,EQ,992983,600395,60.46
20,2347,TMB,EQ,54945,33701,61.34
20,2348,TNIDETF,EQ,90494,60556,66.92
20,2349,TNPETRO,EQ,101212,50715,50.11
20,2350,TNPL,EQ,143383,86279,60.17
20,2351,TNTELE,EQ,14954,9431,63.07
20,2352,TOKYOPLAST,EQ,26452,4882,18.46
20,2353,TOLINS,EQ,163589,114492,69.99
20,2354,TOP100CASE,EQ,214155,188455,88.00
20,2355,TOP10ADD,EQ,211391,187075,88.50
20,2356,TORNTPHARM,EQ,382160,197561,51.70
20,2357,TORNTPOWER,EQ,262961,133451,50.75
20,2358,TOTAL,EQ,58405,34097,58.38
20,2359,TOUCHWOOD,EQ,264,212,80.30
20,2360,TPHQ,EQ,3616597,1804640,49.90
20,2361,TRACXN,EQ,311916,186649,59.84
20,2362,TRANSTEEL,SM,218000,164000,75.23
20,2363,TRANSWORLD,EQ,19878,10182,51.22
20,2364,TREL,EQ,205936,103527,50.27
20,2365,TRENT,EQ,1258152,448799,35.67
20,2366,TRF,EQ,9437,5610,59.45
20,2367,TRIDENT,EQ,2827263,967820,34.23
20,2368,TRIDHYA,SM,564000,105000,18.62
20,2369,TRIGYN,EQ,73117,38564,52.74
20,2370,TRITURBINE,EQ,19724212,1501648,7.61
20,2371,TRIVENI,EQ,423551,108560,25.63
20,2372,TROM,SM,20400,15000,73.53
20,2373,TRUST,SM,36600,28800,78.69
20,2374,TTKHLTCARE,EQ,11004,9287,84.40
20,2375,TTKPRESTIG,EQ,12678,6214,49.01
20,2376,TTL,EQ,127515,73275,57.46
20,2377,TTML,EQ,2897326,785602,27.11
20,2378,TUNWAL,SM,386000,260000,67.36
20,2379,TVSMOTOR,EQ,488274,227471,46.59
20,2380,TVSSCS,EQ,2493546,502221,20.14
20,2381,TVSSRICHAK,EQ,3003,2048,68.20
20,2382,TVTODAY,EQ,71142,49291,69.29
20,2383,UBL,EQ,285470,143105,50.13
20,2384,UCAL,EQ,99354,33541,33.76
20,2385,UCL-RE,ST,40200,40200,100.00
20,2386,UCOBANK,EQ,2949524,910837,30.88
20,2387,UDAICEMENT,EQ,281882,167200,59.32
20,2388,UDS,EQ,255782,114764,44.87
20,2389,UFLEX,EQ,67063,39973,59.61
20,2390,UFO,EQ,92992,45977,49.44
20,2391,UGARSUGAR,EQ,112271,64075,57.07
20,2392,UGROCAP,EQ,125742,82089,65.28
20,2393,UHTL,ST,330000,276000,83.64
20,2394,UJJIVANSFB,EQ,6228521,3161049,50.75
20,2395,ULTRACEMCO,EQ,166347,87320,52.49
20,2396,UMANGDAIRY,EQ,20358,11847,58.19
20,2397,UMESLTD,EQ,78520,39010,49.68
20,2398,UNICHEMLAB,EQ,38443,16621,43.24
20,2399,UNIDT,EQ,20215,11081,54.82
20,2400,UNIECOM,EQ,1051497,382647,36.39
20,2401,UNIENTER,EQ,7796,5187,66.53
20,2402,UNIHEALTH,SM,8000,7000,87.50
20,2403,UNIINFO,EQ,13511,6820,50.48
20,2404,UNIONBANK,EQ,7092442,3564667,50.26
20,2405,UNIPARTS,EQ,34178,22957,67.17
20,2406,UNITDSPR,EQ,681448,439579,64.51
20,2407,UNITEDTEA,EQ,5637,3798,67.38
20,2408,UNIVASTU,EQ,6554,3944,60.18
20,2409,UNIVCABLES,EQ,17886,7008,39.18
20,2410,UNIVPHOTO,EQ,721,311,43.13
20,2411,UNOMINDA,EQ,8793032,1217031,13.84
20,2412,UPL,EQ,9415040,976673,10.37
20,2413,URBAN,ST,7600,7600,100.00
20,2414,USASEEDS,SM,300,300,100.00
20,2415,USHAFIN,ST,66400,61600,92.77
20,2416,USHAMART,EQ,559273,217727,38.93
20,2417,USK,EQ,154742,47581,30.75
20,2418,UTIAMC,EQ,737817,170290,23.08
20,2419,UTIBANKETF,EQ,59266,47221,79.68
20,2420,UTINEXT50,EQ,131366,113414,86.33
20,2421,UTINIFTETF,EQ,33320,31941,95.86
20,2422,UTISENSETF,EQ,965,775,80.31
20,2423,UTISXN50,EQ,3785,3218,85.02
20,2424,UTKARSHBNK,EQ,3104624,1456350,46.91
20,2425,UTSSAV,ST,126600,125400,99.05
20,2426,UTTAMSUGAR,EQ,26241,16119,61.43
20,2427,UYFINCORP,EQ,72564,41557,57.27
20,2428,VADILALIND,EQ,4159,2533,60.90
20,2429,VAIBHAVGBL,EQ,188656,84119,44.59
20,2430,VAKRANGEE,EQ,6815564,3871366,56.80
20,2431,VAL30IETF,EQ,153278,126173,82.32
20,2432,VALIANTLAB,EQ,27107,9353,34.50
20,2433,VALIANTORG,EQ,53318,30347,56.92
20,2434,VARDHACRLC,EQ,38011,27472,72.27
20,2435,VARROC,EQ,221163,96106,43.45
20,2436,VASA,SM,8000,8000,100.00
20,2437,VASCONEQ,EQ,626574,214948,34.31
20,2438,VBL,EQ,2680480,1559984,58.20
20,2439,VDEAL,SM,3600,3600,100.00
20,2440,VEDL,EQ,8421968,3638442,43.20
20,2441,VEEDOL,EQ,17930,9403,52.44
20,2442,VEEKAYEM,ST,1500,1500,100.00
20,2443,VELS,SM,27600,27600,100.00
20,2444,VENKEYS,EQ,60833,27284,44.85
20,2445,VENUSPIPES,EQ,16183,10056,62.14
20,2446,VENUSREM,EQ,23250,14462,62.20
20,2447,VERANDA,EQ,87733,22155,25.25
20,2448,VERITAAS,SM,1200,1200,100.00
20,2449,VERTEXPLUS,SM,600,600,100.00
20,2450,VERTOZ,EQ,2702117,1462143,54.11
20,2451,VESUVIUS,EQ,11005,4269,38.79
20,2452,VGUARD,EQ,133172,60556,45.47
20,2453,VHL,EQ,42549,9421,22.14
20,2454,VIAZ,SM,2000,2000,100.00
20,2455,VIDHIING,EQ,42046,20337,48.37
20,2456,VIESL,SM,172800,109600,63.43
20,2457,VIJAYA,EQ,223222,85865,38.47
20,2458,VIJIFIN,EQ,193998,187898,96.86
20,2459,VIKASECO,EQ,4986717,1744994,34.99
20,2460,VIKASLIFE,EQ,2305520,1520095,65.93
20,2461,VILAS,ST,5000,5000,100.00
20,2462,VIMTALABS,EQ,212359,72502,34.14
20,2463,VINATIORGA,EQ,109971,22705,20.65
20,2464,VINCOFE,EQ,392079,251227,64.08
20,2465,VINDHYATEL,EQ,15910,10358,65.10
20,2466,VINEETLAB,EQ,12023,9386,78.07
20,2467,VINSYS,SM,41500,34000,81.93
20,2468,VINYAS,ST,1400,1400,100.00
20,2469,VINYLINDIA,EQ,16782,10224,60.92
20,2470,VIPIND,EQ,437195,186318,42.62
20,2471,VIRINCHI,EQ,144653,95441,65.98
20,2472,VISAKAIND,EQ,231332,171151,73.99
20,2473,VISAMAN,SM,27000,27000,100.00
20,2474,VISHNU,EQ,616083,249658,40.52
20,2475,VISHNUINFR,ST,9000,9000,100.00
20,2476,VISHWARAJ,EQ,1052094,523601,49.77
20,2477,VISHWAS,SM,9600,9600,100.00
20,2478,VITAL,SM,13200,9600,72.73
20,2479,VIVIANA,ST,6500,6500,100.00
20,2480,VIVIDHA,EQ,474191,348795,73.56
20,2481,VLINFRA,ST,18000,15000,83.33
20,2482,VLSFINANCE,EQ,69184,33460,48.36
20,2483,VMARCIND,ST,7250,7250,100.00
20,2484,VMART,EQ,38273,17472,45.65
20,2485,VOLTAMP,EQ,31809,12370,38.89
20,2486,VOLTAS,EQ,2230594,1394352,62.51
20,2487,VPRPL,EQ,1345096,511373,38.02
20,2488,VR,ST,3600,3600,100.00
20,2489,VRAJ,EQ,96083,52690,54.84
20,2490,VRLLOG,EQ,25493,10618,41.65
20,2491,VSCL,SM,9000,9000,100.00
20,2492,VSSL,EQ,28135,13751,48.88
20,2493,VSTIND,EQ,125349,70757,56.45
20,2494,VSTL,EQ,33320,21317,63.98
20,2495,VSTTILLERS,EQ,5444,3475,63.83
20,2496,VTL,EQ,193063,92155,47.73
20,2497,WAAREEENER,EQ,3934523,708975,18.02
20,2498,WABAG,EQ,242839,90482,37.26
20,2499,WALCHANNAG,EQ,311767,144825,46.45
20,2500,WCIL,EQ,210484,97021,46.09
20,2501,WEALTH,EQ,9020,6577,72.92
20,2502,WEBELSOLAR,EQ,733502,321148,43.78
20,2503,WEIZMANIND,EQ,9579,5794,60.49
20,2504,WEL,EQ,704981,168310,23.87
20,2505,WELCORP,EQ,979267,608581,62.15
20,2506,WELENT,EQ,132456,61473,46.41
20,2507,WELINV,EQ,632,411,65.03
20,2508,WELSPUNLIV,EQ,1880047,1189714,63.28
20,2509,WENDT,EQ,772,407,52.72
20,2510,WESTLIFE,EQ,20947,7894,37.69
20,2511,WEWIN,EQ,791,729,92.16
20,2512,WHEELS,EQ,16275,10256,63.02
20,2513,WHIRLPOOL,EQ,223704,101279,45.27
20,2514,WILLAMAGOR,EQ,76723,18065,23.55
20,2515,WINDLAS,EQ,117333,46199,39.37
20,2516,WINDMACHIN,EQ,227538,200943,88.31
20,2517,WINNY,SM,2500,500,20.00
20,2518,WINSOL,SM,25600,18800,73.44
20,2519,WIPL,EQ,727,458,63.00
20,2520,WIPRO,EQ,5630445,2556064,45.40
20,2521,WOCKPHARMA,EQ,374186,202739,54.18
20,2522,WOL3D,SM,4000,4000,100.00
20,2523,WOMANCART,ST,12800,12400,96.88
20,2524,WONDERLA,EQ,39961,22856,57.20
20,2525,WORTH,EQ,42504,34744,81.74
20,2526,WSI,EQ,51113,33572,65.68
20,2527,WSTCSTPAPR,EQ,76165,37338,49.02
20,2528,WTICAB,SM,74000,48500,65.54
20,2529,XCHANGING,EQ,76651,39008,50.89
20,2530,XPROINDIA,EQ,14515,7933,54.65
20,2531,XTGLOBAL,EQ,45735,35755,78.18
20,2532,YAARI,EQ,451483,210433,46.61
20,2533,YASHO,EQ,11788,8850,75.08
20,2534,YASHOPTICS,SM,41600,28800,69.23
20,2535,YATHARTH,EQ,446444,190600,42.69
20,2536,YATRA,EQ,189655,84161,44.38
20,2537,YCCL,SM,21000,12000,57.14
20,2538,YESBANK,EQ,44546382,18217996,40.90
20,2539,YUDIZ,SM,4000,3200,80.00
20,2540,YUKEN,EQ,4119,2348,57.00
20,2541,ZEAL,SM,3000,2400,80.00
20,2542,ZEEL,EQ,3947990,1611957,40.83
20,2543,ZEELEARN,EQ,711519,309115,43.44
20,2544,ZENITHDRUG,ST,7200,6400,88.89
20,2545,ZENSARTECH,EQ,601011,177093,29.47
20,2546,ZENTEC,EQ,147999,80933,54.68
20,2547,ZFCVINDIA,EQ,9561,3043,31.83
20,2548,ZIMLAB,EQ,89330,49847,55.80
20,2549,ZODIACLOTH,EQ,12689,5478,43.17
20,2550,ZOMATO,EQ,50975031,17253592,33.85
20,2551,ZOTA,EQ,18841,12059,64.00
20,2552,ZTECH,ST,54300,48600,89.50
20,2553,ZUARI,EQ,649769,313157,48.20
20,2554,ZUARIIND,EQ,122272,55153,45.11
20,2555,ZYDUSLIFE,EQ,3008146,967421,32.16
20,2556,ZYDUSWELL,EQ,27978,12630,45.14
